463 0.388044688724 0.0922109063477 
509 0.390480863592 0.0889965652601 
715 0.455898797875 0.064013576321 
590 0.404419234677 0.073604967406 
554 0.417177361211 0.0813046368061 
584 0.480677154583 0.0837572674419 
743 0.454537298704 0.0636617295788 
673 0.38566552901 0.0663581391898 
583 0.47672061888 0.0727525263338 
652 0.414750076664 0.0710312212512 
626 0.453121676239 0.0714940970007 
790 0.44348210899 0.0616900050576 
596 0.431834045286 0.0754329298936 
501 0.416442182979 0.0904404245236 
653 0.436849357012 0.0698316939682 
591 0.433384077582 0.0694350473613 
531 0.445363927027 0.0840288226443 
826 0.316178842122 0.0587581640058 
581 0.396637163072 0.0708180265532 
709 0.39152916843 0.0655782858553 
594 0.347105351733 0.0687689330192 
