672 0.360466671621 0.078488426098 
647 0.296100687206 0.0747094818933 
753 0.289270557029 0.0726541777189 
481 0.294457130994 0.0960060073697 
464 0.321632389361 0.0946433859158 
543 0.280795067636 0.0877182640103 
615 0.307686057849 0.079138060611 
553 0.337514685947 0.0853987799367 
644 0.257049740048 0.0792841138357 
601 0.381214642263 0.0764936044093 
547 0.308685724724 0.0952869554297 
506 0.31090711677 0.10011351298 
491 0.348815455008 0.0975962760549 
516 0.339598876078 0.100648859122 
738 0.333680649526 0.068648511502 
670 0.356243011554 0.0731853335818 
481 0.32327004876 0.101688128955 
746 0.307814906583 0.0746166209067 
480 0.276117071138 0.0971106525362 
720 0.289934096427 0.0699943635102 
579 0.348834800621 0.0931687489211 
546 0.291168664775 0.0918939324609 
506 0.306541501976 0.0946146245059 
507 0.315569570359 0.0955760987387 
501 0.242657621708 0.0983576915403 
618 0.36081223202 0.0759963291805 
608 0.304862822408 0.0843151901594 
583 0.251982529759 0.0840541234906 
563 0.308575994318 0.0821852250533 
552 0.321789530882 0.0909736687194 
522 0.339157894737 0.0926046650718 
652 0.365346610494 0.0794056396017 
530 0.306793555074 0.0921879416753 
503 0.313326045911 0.0967032694028 
592 0.340350877193 0.0855394947706 
721 0.250880354915 0.0694557569666 
551 0.334488703384 0.0883965837946 
569 0.278306692429 0.0837130028105 
486 0.334381745298 0.0924748175558 
583 0.330466072653 0.0862092507711 
542 0.334224106156 0.0999945286583 
718 0.297702909648 0.0677163093415 
457 0.273578302712 0.109445059602 
608 0.337545185672 0.0868976955307 
435 0.302618883529 0.109502426487 
591 0.263519458545 0.091403606176 
