567 0.422271685473 0.0917390250353 
809 0.26819781441 0.0724516885843 
527 0.382368271418 0.0940787291509 
743 0.376965725807 0.0772765456989 
726 0.409908515614 0.0749931214748 
619 0.294768895701 0.0849172178753 
667 0.414917934498 0.084605457918 
762 0.404547242804 0.0719133171596 
650 0.384114483289 0.0843089704188 
794 0.389402515723 0.067490172956 
840 0.327532869296 0.0659635463145 
628 0.422278762821 0.080678023376 
755 0.377896200185 0.074448894479 
581 0.372356884992 0.0904863976276 
776 0.373429547065 0.0759052251788 
727 0.342571605193 0.079592090803 
583 0.32830705963 0.087570681974 
487 0.450435674013 0.106147488467 
806 0.369717437105 0.0690722208452 
646 0.380449907236 0.078859384663 
664 0.347597202377 0.0783083120253 
801 0.372560633456 0.0702759679531 
558 0.416554659498 0.0886900761649 
775 0.358149509804 0.075462380676 
672 0.313350434977 0.0822528626664 
