969 0.531804581098 0.0658742390632 
992 0.616829489375 0.0626321885387 
1106 0.485523938573 0.0559761743451 
983 0.582651557498 0.0632677918086 
1041 0.639635961963 0.0593137666891 
1002 0.623297580444 0.0643552007982 
1095 0.593434689312 0.0595651851345 
979 0.577718223584 0.0660764420623 
1051 0.582524733638 0.0629682148973 
943 0.570947736669 0.0657416118944 
1215 0.549070417901 0.0540216765384 
1154 0.570578047197 0.0548576531717 
1036 0.592201148593 0.060185017615 
793 0.607588554141 0.0766773288794 
1213 0.548461506776 0.0560509947687 
950 0.594762305427 0.0668014763883 
979 0.624023686763 0.0654289397111 
844 0.615022501185 0.0721481229275 
1030 0.57493934983 0.0645666545367 
891 0.602597912692 0.0683004152172 
