707 0.37389583775 0.0879796480814 
938 0.361001598295 0.0669402637187 
959 0.337125358353 0.0688021240553 
837 0.257165890362 0.0748443658187 
876 0.416975801849 0.0736788037896 
820 0.352420288972 0.0759436154972 
645 0.365740740741 0.0940720401364 
666 0.431594931014 0.095481684913 
874 0.419684228591 0.0723857330817 
909 0.348785447351 0.067547469224 
729 0.429540781357 0.0838213245374 
918 0.344226164563 0.0712257156073 
782 0.344292922841 0.0792467743996 
565 0.383442362093 0.100742021747 
792 0.356167192429 0.0770258280757 
770 0.316228497241 0.0784627555989 
837 0.375365737147 0.0753325222428 
1027 0.31410006814 0.0642339141439 
748 0.42458249833 0.086766240815 
889 0.365919433676 0.0769074105287 
