889 0.363963558655 0.0811336604432 
811 0.45273102768 0.0819337201776 
915 0.323537444693 0.0733530889824 
769 0.396373562098 0.0888848947163 
666 0.377314988378 0.0997096892105 
830 0.426110375542 0.0790155196799 
771 0.383056941116 0.0845654919998 
752 0.430205911657 0.0879597725009 
630 0.443838712235 0.0986613868845 
949 0.312141088457 0.0697210368263 
718 0.402150462802 0.0921003984272 
650 0.351918787972 0.0961388717988 
614 0.426045735677 0.106424967448 
1016 0.381813932894 0.0670585088065 
906 0.361555653662 0.0734041305668 
1052 0.351695317694 0.0686036779372 
863 0.297906532314 0.0763333912439 
667 0.437378204167 0.0975198152451 
736 0.321879668613 0.0907949799674 
744 0.452078715831 0.0896939435154 
