855 0.481431688879 0.0756891878069 
831 0.393174211908 0.0766341760356 
578 0.481449475746 0.111706867871 
989 0.472048119693 0.069884439446 
968 0.492414860681 0.0724732327142 
758 0.508740721219 0.089980152194 
935 0.44414159229 0.0688231521565 
889 0.447534505684 0.0734021223103 
1112 0.472795384731 0.0617989997753 
846 0.417759659695 0.076164259128 
860 0.397372551299 0.0764410640586 
1104 0.452383107089 0.0624292986426 
995 0.462435775134 0.0680017384647 
1054 0.437992763584 0.0663142271413 
733 0.492623155789 0.087272173157 
927 0.507023026907 0.0687767741675 
745 0.415113732851 0.0888963835635 
804 0.491382881763 0.0857860272185 
1092 0.464582188855 0.0641838147775 
937 0.501341578265 0.0730399408284 
