1030 0.554693184575 0.0683012975989 
968 0.61536872547 0.0733957020761 
922 0.602844757518 0.0822329653211 
1005 0.556171672966 0.0682750646509 
1189 0.619348739496 0.0608121060925 
1115 0.592078143203 0.0642138632494 
1115 0.60048854825 0.0618655035633 
1408 0.634659756487 0.0516693807462 
1060 0.612409860018 0.0656342791158 
1163 0.603462348039 0.0605279973367 
1184 0.584297415977 0.0574299896555 
941 0.556151721207 0.0789235151934 
929 0.590109712811 0.0771073666237 
1089 0.600009175154 0.0695971247363 
1312 0.58276177412 0.0536098727328 
1037 0.64225467515 0.067608173077 
1274 0.652051141266 0.0544148070437 
968 0.568884530016 0.0750537152223 
1034 0.614888373442 0.0729974569924 
1182 0.615007190593 0.0605939641317 
