1186 0.403307619891 0.0602816886566 
936 0.468737214722 0.0758811836278 
906 0.516219146864 0.0738562744666 
767 0.471673940894 0.0900236548108 
812 0.376374528147 0.0870530219104 
890 0.472727613058 0.0748531207884 
881 0.438864298415 0.0796004284418 
1027 0.514577756145 0.0675772694086 
1105 0.470970563398 0.0622024011491 
777 0.436748343945 0.0863319184514 
861 0.460517404849 0.0790238433854 
935 0.464674542507 0.0736196677715 
1048 0.429791090337 0.0689360154536 
924 0.45648959573 0.0747964675971 
986 0.464577840871 0.0714453204219 
946 0.473630474581 0.0737112840621 
1001 0.469179563988 0.0685378182726 
1173 0.454201996961 0.0594427755763 
945 0.487138802208 0.0750457833078 
898 0.455932517612 0.0779459816463 
