721 0.40079310106 0.0950530754312 
822 0.359873579287 0.0875866103446 
845 0.429071829737 0.0899811557789 
918 0.322891730142 0.0804610990207 
955 0.370786663875 0.074121022192 
895 0.424831128231 0.0750956009602 
847 0.39596117536 0.0814587266934 
1057 0.393280865948 0.0721899224807 
750 0.438790118525 0.0898962911174 
670 0.323520643911 0.108455060367 
814 0.410239892018 0.086220780416 
780 0.401832041509 0.0881439770034 
980 0.362355251747 0.0733194536551 
934 0.422340482431 0.0796710367974 
971 0.387436306552 0.0749121802461 
795 0.341893506004 0.0930034733137 
1116 0.308534455738 0.0665285116196 
1029 0.417811711012 0.0711796283259 
923 0.323425910887 0.077779864382 
903 0.407415090165 0.0785390045912 
