951 0.406529047169 0.0789325953357 
887 0.375098624887 0.0835185485235 
837 0.377127500747 0.0923904523739 
901 0.384541826044 0.0883389808194 
780 0.360651797731 0.0935256841633 
958 0.330387402889 0.0793739246051 
893 0.428 0.0823024475525 
944 0.338696871857 0.0758804517547 
963 0.374863827359 0.0775276235929 
951 0.347995165274 0.0776594277156 
1027 0.327751545539 0.0736077982768 
952 0.342731138762 0.0798813461438 
874 0.372541452259 0.0848368710692 
845 0.436017976465 0.0888401040743 
1112 0.344161683378 0.0703458702397 
1022 0.37444379248 0.072357403061 
853 0.340217964493 0.0854921046464 
825 0.35891299079 0.092074269874 
989 0.372820979233 0.0807832474357 
827 0.384018126888 0.089391049849 
