1051 0.497559274756 0.0712730898156 
1145 0.404749432513 0.0645203094989 
994 0.43275353576 0.0733814158959 
837 0.450336398742 0.091266197898 
1101 0.494840369194 0.0672073592828 
1110 0.478552459828 0.0704324109916 
1005 0.46738265712 0.0791637144491 
1132 0.48474142119 0.0679921774942 
1135 0.442095372328 0.0649857954546 
1140 0.461030518181 0.0647940680195 
1281 0.52491901807 0.0636641152481 
1285 0.372333942718 0.0583076451827 
952 0.406118198842 0.0784121187064 
1102 0.491473922903 0.0688286564626 
908 0.466171344708 0.0845297881123 
1138 0.453826900277 0.0668362754139 
911 0.483839104429 0.0850830681008 
957 0.433267209578 0.0792375756943 
886 0.527826364987 0.0819450713762 
822 0.478116321028 0.0881245058688 
