1170 0.615453613532 0.0666111395866 
1308 0.579721776351 0.0659980986777 
1179 0.607101971592 0.0671553688786 
1224 0.545861069139 0.0639446440969 
1136 0.633778970052 0.0714885494085 
1071 0.584336506159 0.0765969111609 
1302 0.608137168312 0.0649000614416 
1313 0.613276492083 0.0648920428594 
1198 0.624061091638 0.0696226631614 
1055 0.597187366826 0.0796912732611 
1541 0.621087795544 0.0519867106672 
1273 0.611041306738 0.0658706514057 
1129 0.631421744325 0.0711508252578 
1177 0.62342296419 0.0700944628521 
1302 0.611076982146 0.0618040890766 
1226 0.594088870771 0.0649128618019 
1109 0.633509032752 0.0694385784115 
1199 0.623931445728 0.0677763124974 
1214 0.587947145268 0.0677934487301 
1265 0.62760241773 0.0627901177261 
