1223 0.450170276529 0.0667718124234 
786 0.48620740835 0.102355130081 
915 0.435382319759 0.0902254612949 
1132 0.438451692634 0.0675963830163 
1189 0.49940453673 0.0682157906352 
836 0.403243480167 0.0998445998446 
961 0.500684872129 0.0803608582575 
1028 0.470515811301 0.0782958604685 
1004 0.517233368182 0.079806746901 
1226 0.409197744719 0.0650983289179 
1154 0.435848566231 0.0755260222646 
1135 0.373116149388 0.0686027955096 
1104 0.487266527866 0.0722438784286 
1067 0.497392661983 0.0741825234192 
1187 0.417294657517 0.0701200900939 
975 0.500273308053 0.0832919634622 
871 0.491033876272 0.0840314220578 
1187 0.425842491614 0.0671896711441 
1142 0.466643335229 0.0687817161731 
978 0.520905686074 0.0805262065884 
