1508 0.591037157347 0.0553869452087 
919 0.57239203742 0.0929800527576 
1234 0.62748632773 0.0681904496658 
1234 0.626584585477 0.0715499827873 
1125 0.606427397504 0.0763982199174 
1000 0.630680397941 0.0855176411039 
1301 0.629134493489 0.0633847623987 
1362 0.574073394496 0.0607694954129 
1219 0.635938653326 0.0689438868614 
1159 0.595799732632 0.0737391651214 
1292 0.611171282686 0.0650626643974 
1196 0.571643412148 0.0696460648342 
1216 0.576170510133 0.071716868089 
1229 0.629782476113 0.0670804533442 
1437 0.576051048441 0.0591524454916 
1089 0.620490223079 0.077295195309 
1310 0.6196137552 0.0634917321858 
1368 0.582709239031 0.0631164833961 
1027 0.618495984425 0.083440313945 
896 0.654324429822 0.0919498968383 
