953 0.364304076387 0.0847722443734 
1001 0.42676805514 0.0809437743483 
1162 0.3781499957 0.0718733873743 
917 0.406045662598 0.0949819842524 
882 0.348697621744 0.0981260617214 
813 0.369259145404 0.0980287426991 
947 0.350896624473 0.0878659018988 
944 0.395501244506 0.0923035931791 
1040 0.377223343909 0.0809161979618 
795 0.378982592849 0.106153380884 
748 0.381597407803 0.114790720203 
999 0.379925492549 0.0869915116512 
853 0.431413597236 0.0964674708673 
1108 0.365796715691 0.0780629680592 
982 0.418133265514 0.0879251971008 
930 0.408341390053 0.0918365291654 
940 0.351281642204 0.0915363752394 
1033 0.431465079135 0.0828871424423 
989 0.401323432844 0.0842425620044 
812 0.438888205255 0.101068841137 
