1017 0.336206811815 0.088294650317 
1134 0.317391879381 0.0802431887317 
1033 0.332065243696 0.0872598131746 
1076 0.294911792015 0.0850423630455 
964 0.348328235965 0.089888095485 
898 0.353728021367 0.094077766804 
1048 0.336159054067 0.0816963860018 
1051 0.341136741974 0.0896209869204 
964 0.352860103627 0.0895952072539 
1049 0.341296375673 0.0875675691766 
898 0.397562604341 0.0945577698943 
797 0.307476166583 0.110648990216 
849 0.347729815676 0.104921493139 
882 0.391758304047 0.101603240846 
944 0.374285109087 0.0935356982102 
874 0.299811374679 0.101895184338 
908 0.357431354207 0.0960920734056 
999 0.327244535588 0.0904222727955 
892 0.35532141456 0.0978105909881 
1031 0.370905214189 0.0866999721361 
