1280 0.460461906994 0.0763991954383 
1172 0.467826531918 0.0818155409151 
1164 0.439192283474 0.0823713614117 
1413 0.467713787086 0.0684773860903 
1311 0.500921161299 0.0720215122928 
1172 0.40785902082 0.0855827648689 
1424 0.500532369219 0.07007693759 
1192 0.490836653387 0.0806288005872 
1294 0.475850261322 0.0824998069051 
1085 0.485032697799 0.0895051867459 
1275 0.466515086179 0.0801494080521 
1158 0.450181315835 0.0860670113107 
1310 0.472737450068 0.0781393118846 
1260 0.408001057991 0.0775813330689 
1270 0.497880660867 0.0740017617417 
1554 0.508959305131 0.0624477239827 
1058 0.461677768854 0.0928582817594 
1440 0.473659236627 0.0707839299355 
1411 0.439114826886 0.0702184001701 
1245 0.50114416476 0.0763253241801 
