1212 0.382466301167 0.0848447998681 
1034 0.446433748913 0.094631143085 
948 0.354776213823 0.107069429069 
1226 0.417607729626 0.0775472400017 
1341 0.397689584498 0.0744957611329 
1244 0.41586287276 0.0804371634113 
1257 0.379592080153 0.0739429270039 
970 0.397113354277 0.100010622135 
1211 0.411327608983 0.0799562159429 
1180 0.362372400356 0.08411781524 
1239 0.402530062142 0.078451597934 
1081 0.417028851489 0.0942600448493 
1014 0.398624328189 0.094664495094 
1141 0.410801103763 0.0895636689151 
1172 0.368581542136 0.0845807744797 
995 0.39503213174 0.0956923385883 
949 0.411167579524 0.0964564790921 
951 0.421231076535 0.101405625789 
1026 0.401093947958 0.0934469715428 
1226 0.385311379198 0.0802850912945 
