1387 0.459076442683 0.0770356692488 
1086 0.51666820008 0.0926236601804 
1262 0.49625609128 0.0778408640704 
1045 0.483509476671 0.0981271818661 
1517 0.456089468943 0.070033905148 
1131 0.474702380953 0.0886544709159 
1404 0.462974169129 0.073321201011 
1366 0.438929529383 0.0729631492319 
1535 0.431859617138 0.0641074684204 
1253 0.479883567926 0.0813379720085 
1200 0.448169123567 0.0835944657284 
1390 0.509046437179 0.0716852586238 
1387 0.45783639006 0.0745944132166 
1238 0.480459862957 0.0819143511975 
1200 0.470531079093 0.0862270446407 
1250 0.485632413701 0.0793851209517 
1224 0.462682505341 0.0868722445606 
1357 0.527209131075 0.0737608155376 
1418 0.485408365949 0.0740668303304 
1440 0.464287780439 0.0714522805374 
