1107 0.397860141755 0.0923420500204 
1277 0.444649915855 0.0773257406756 
1225 0.417710160297 0.0812127809276 
968 0.410823092017 0.102603306052 
1229 0.431485547018 0.0815870583812 
1010 0.436726867887 0.0987482991094 
1209 0.398509221735 0.0871851997354 
1142 0.424344552896 0.0903011062722 
1091 0.453988362504 0.0919989347568 
1064 0.45174923691 0.0900658898803 
1180 0.388039796783 0.0868702370873 
1213 0.363183259876 0.0875996313384 
909 0.354070470537 0.108550461741 
1288 0.389451427685 0.082146424969 
1013 0.422090900119 0.0987488588137 
1296 0.41101172116 0.0810378190546 
1244 0.396726680867 0.0812716010932 
1057 0.435024576992 0.0934250638057 
1298 0.361238399631 0.0790654241596 
1326 0.41544491765 0.0749962311085 
