1255 0.572344577642 0.0783558684138 
1356 0.652165100424 0.0753040353787 
1665 0.587436205344 0.0622204293006 
1605 0.632123948926 0.0642430317658 
1447 0.621571675302 0.0680769645942 
1451 0.572646187754 0.0717852469179 
1608 0.627280355534 0.0628544845698 
1601 0.570554636537 0.0658621133619 
1808 0.593543481267 0.0565265104383 
1576 0.630970504282 0.0648330954647 
1578 0.576954745543 0.0666911438706 
1519 0.633909180652 0.0671412265548 
1661 0.641360941403 0.0608574164084 
1789 0.62982622786 0.0567256383752 
1540 0.647719526051 0.0647008399611 
1635 0.600036677059 0.0657063772236 
1198 0.59857744775 0.0840325288891 
1557 0.578556979097 0.0650115997175 
1630 0.644602882551 0.0618981907391 
1797 0.600867799627 0.0578124565405 
