1286 0.331255828412 0.0829200827635 
1119 0.350082659399 0.0960692104911 
1033 0.361798296555 0.10090843375 
1001 0.387322818926 0.10290929452 
1079 0.343622295325 0.100457391234 
1146 0.330502267178 0.0921722401465 
1050 0.342823159998 0.104696940863 
1213 0.351402562096 0.086101299584 
1177 0.333118261313 0.0967392976909 
934 0.375197860963 0.1084483623 
1047 0.276275473679 0.0980438362049 
1082 0.361200369345 0.0933777700832 
1096 0.396544177989 0.0957289482083 
1173 0.310239038732 0.0944290873067 
1058 0.33740198394 0.101866585971 
961 0.345690955427 0.113794241171 
1025 0.336368510846 0.100312271509 
1086 0.381756290538 0.093384154055 
965 0.346878558857 0.112752678849 
1099 0.339527902852 0.101858484559 
