1450 0.450248841994 0.0752430950657 
1562 0.475506198127 0.0660589555464 
1160 0.505455067471 0.0909910637382 
1431 0.531240542869 0.0735031906907 
1374 0.503826886455 0.0779697791202 
1241 0.459051608399 0.0839148340584 
1479 0.471910618552 0.0730050091229 
1305 0.4610632459 0.0824627847981 
1456 0.464306966951 0.0726963746224 
1495 0.477905602747 0.0701426744031 
1191 0.469515095554 0.0905385660623 
1245 0.474626186365 0.0864153297057 
1336 0.506393223807 0.0789588479099 
1174 0.513598638008 0.0873038146415 
1490 0.467444772382 0.0726507999061 
1363 0.506326328529 0.0779433472696 
1426 0.490749176537 0.0724992772795 
1277 0.398846796076 0.0835905702098 
1341 0.511593824907 0.0773297486867 
1336 0.44123991571 0.0801595874014 
