1183 0.393077508241 0.0930751310118 
1276 0.379866060939 0.0856529529256 
1297 0.418426732445 0.0853858735451 
1346 0.360848181143 0.0809518838159 
1275 0.415252742947 0.0875587774295 
1163 0.42665764256 0.093077220575 
1087 0.432635281137 0.0990802147028 
1293 0.371240238151 0.087298480631 
1391 0.413548966757 0.0830357142858 
1217 0.390456934067 0.0880280605962 
1223 0.359144422189 0.0898704165475 
1271 0.429593521503 0.0851869005032 
1298 0.413381962354 0.0844979358328 
1296 0.429242190513 0.0850149440803 
1219 0.414715170406 0.0855174455564 
1224 0.38818367347 0.0881830357143 
1201 0.436134803412 0.0882983149574 
1310 0.396883706729 0.086246708141 
1229 0.438757877618 0.0870546605002 
1250 0.39820850162 0.0882946524974 
