1270 0.391378360295 0.0878190557721 
1302 0.434341302429 0.0858718437009 
1296 0.412157732357 0.0893999469727 
1458 0.407373761613 0.0783290768229 
1335 0.387059021796 0.0844459216539 
1475 0.418419893621 0.0776528144798 
1251 0.44065696931 0.0902171415442 
1290 0.419166376003 0.0861709394257 
1388 0.426801599021 0.0831624545324 
1300 0.425714120949 0.0863210516705 
1209 0.407699942106 0.0943282968738 
1345 0.426832441273 0.0884289975469 
1308 0.41206303725 0.0863323782235 
1212 0.397260839075 0.0934109566438 
1297 0.387080297599 0.0907004115108 
1368 0.40379136533 0.0872746822267 
1434 0.403334843364 0.0798308621111 
1408 0.405031948882 0.0841320553781 
1396 0.407620172519 0.0831498979921 
1347 0.406289424861 0.0840491651206 
