1413 0.362518125553 0.0944319186561 
1218 0.360740224037 0.108787083009 
1272 0.351176586133 0.1005677912 
1440 0.356181218539 0.0914782589829 
1152 0.349713740458 0.108714244665 
1455 0.358609078102 0.0889072861905 
1337 0.360293018389 0.0942639034236 
1311 0.357475691135 0.0960486177312 
1393 0.325806335881 0.0952523499445 
1341 0.315844794812 0.0958454470909 
1641 0.317768167144 0.0782591977828 
1170 0.374626355795 0.109870078572 
1363 0.36411911398 0.0918091948438 
1288 0.374262880199 0.0974683329454 
1449 0.317935270168 0.0892294139466 
1415 0.349369324807 0.093642900046 
1461 0.360654279164 0.08802035212 
1418 0.378439526361 0.0940462450663 
1255 0.390287239552 0.102164754392 
1248 0.325901901902 0.0992092092093 
