1598 0.627728779634 0.08166596297 
2084 0.623152945692 0.0624370322395 
2142 0.63722699272 0.0597327387064 
1793 0.621951219512 0.0720897212544 
1849 0.654400237851 0.0698424577005 
1935 0.637371153995 0.0678835186908 
1857 0.654214791482 0.0681605551518 
1802 0.581518270858 0.0704432105103 
1718 0.627760803143 0.0740160774044 
1769 0.614906481325 0.0715560900153 
1986 0.565014973451 0.0665602901578 
1762 0.650512158443 0.0715124279999 
1917 0.588380217431 0.0679406627213 
1770 0.623051067676 0.073768147667 
2055 0.62684606214 0.0618202720129 
1577 0.608169344361 0.080621969769 
1974 0.628320713146 0.0631544875529 
1753 0.622284313167 0.0717964161488 
1929 0.624705242155 0.0666881526781 
1914 0.600154123456 0.0685375904496 
