1929 0.603916131039 0.0677385703919 
2052 0.636627128139 0.0662539274667 
1976 0.597981177899 0.069782021605 
2312 0.648479737035 0.0591653015657 
1949 0.592132266174 0.0671736314197 
1832 0.59428789656 0.0730371464034 
1944 0.585921830805 0.0688247300078 
1923 0.621805371396 0.0704930712633 
1781 0.641987260432 0.07106904341 
1890 0.621210517962 0.0694432503572 
1943 0.635793101675 0.0681963592171 
1963 0.636381000891 0.0689692633389 
1880 0.60718749169 0.0684953931449 
2074 0.644096385542 0.0638456325302 
1929 0.624753783952 0.0683613998031 
1851 0.626002755044 0.0719687761662 
1973 0.66289529698 0.0666735030661 
2201 0.669236708832 0.0578358844503 
2105 0.570102333974 0.0637465275305 
1905 0.576088667366 0.0683384706191 
