1868 0.607295735459 0.071060349671 
2041 0.636456037228 0.0660708272104 
1910 0.63949958124 0.0701726405465 
2027 0.663534112772 0.0659790310049 
2321 0.61189707149 0.0585876937985 
2115 0.636592515543 0.0645396976431 
1932 0.597901464576 0.0683697860064 
1843 0.615688135593 0.0763389830509 
2318 0.622115840773 0.0590086848234 
1952 0.556655228926 0.0705117535594 
2174 0.638558094625 0.0622435226907 
1835 0.61978911231 0.074430548744 
2033 0.661569851766 0.0638097974385 
1761 0.563546812014 0.0783095227957 
2470 0.613257767432 0.0567553891307 
2081 0.601773100764 0.065920666955 
2202 0.64573970675 0.0615963616143 
1994 0.660053639463 0.0663858845499 
1987 0.640134839375 0.0679975032075 
1794 0.644096835302 0.0743719704146 
