1555 0.470972579263 0.0872118010926 
1648 0.512301130046 0.0849344638851 
1550 0.475679219328 0.0879546040754 
1443 0.499139613577 0.0935410387001 
1595 0.453038327745 0.0823699818234 
1537 0.508629287542 0.0888833216795 
1791 0.493324774159 0.0756632197383 
1775 0.515712998423 0.0781711991722 
1692 0.496321030703 0.0806427484413 
1590 0.456327873663 0.0878809849414 
1523 0.481961724059 0.0871764517612 
1804 0.486062621225 0.0753792601829 
1793 0.475697929445 0.0778854062117 
1678 0.465018369576 0.0810219317844 
1638 0.499476130896 0.085288306021 
1794 0.44664567602 0.076498021678 
1625 0.49696969697 0.0848859790802 
1806 0.476845572564 0.075834469372 
1458 0.487087190036 0.0915998885842 
1561 0.504904943372 0.0864311132994 
