1601 0.493949326258 0.0874995122523 
1781 0.466343051152 0.0788698827128 
1906 0.464869495289 0.0732720472545 
1809 0.503965731657 0.0803738600249 
1793 0.458593517693 0.0792252662244 
1564 0.473682528523 0.0901642045637 
1593 0.446365623791 0.0886663711677 
1616 0.475274470388 0.0851413909077 
1851 0.488726271164 0.0798131058786 
1713 0.490712104414 0.0820360367918 
1714 0.444852655315 0.0821050559833 
1888 0.525957116249 0.0761566166151 
1790 0.490800971552 0.076828987409 
1673 0.489471272612 0.0837387752511 
1982 0.496641869458 0.0709722922709 
2112 0.490282413654 0.0672929538622 
1761 0.449054105184 0.0805122020432 
1921 0.472003886662 0.0729684490657 
1702 0.465366503167 0.0807220533381 
2070 0.465969639896 0.0683366434057 
