1986 0.611525005663 0.0704118006091 
2027 0.619422313214 0.0691344873092 
2247 0.580036491478 0.0624492401317 
2171 0.608163171344 0.0666372672023 
2460 0.63330285482 0.0565471654983 
1734 0.62765160249 0.0808716242507 
2246 0.595066895216 0.0640158556132 
2044 0.638007334963 0.0694521699267 
2265 0.621910310734 0.0619365455067 
2499 0.620604824193 0.0567435197408 
2360 0.60579998729 0.0590537420298 
2235 0.639437375612 0.0646830765447 
2045 0.631792515095 0.0701259197243 
1712 0.618187921422 0.0811347018302 
2098 0.617126453211 0.0680880145798 
2015 0.592496589359 0.0684507937493 
2197 0.61687602403 0.0628242763518 
2102 0.631218491392 0.0673385035195 
1954 0.596810496969 0.0730027239942 
1991 0.644597071897 0.0691171115743 
