2030 0.615563656068 0.0731616832098 
2162 0.627306571706 0.067392070943 
1705 0.597451911799 0.0837919488917 
2241 0.62486058443 0.0640959597368 
2379 0.618456721373 0.061365892996 
2162 0.632756866734 0.0664123913345 
2100 0.639677703459 0.069262365809 
1966 0.627450481833 0.0738521510845 
2134 0.651652495725 0.0673921222449 
2134 0.607112735451 0.0672771120327 
2285 0.612821017631 0.0641180765192 
2100 0.645349805994 0.0684853245734 
1944 0.615534929165 0.0731345454195 
2033 0.648557940547 0.0701282855106 
1887 0.639177305716 0.0775306921122 
2191 0.6338285297 0.0671503103535 
2334 0.632722328101 0.0613359627615 
2052 0.659181138417 0.0691466284678 
2075 0.610429817376 0.067033606587 
2029 0.604987555753 0.0723568295508 
