1591 0.386425339367 0.0933356114882 
1535 0.380754827575 0.099172372106 
1586 0.362513003184 0.0956428498251 
1568 0.363464847983 0.0959639317357 
1770 0.370359492813 0.0827788328486 
1505 0.344789555858 0.096002682457 
1428 0.348207533959 0.104462785324 
1704 0.375816763447 0.0837283345065 
1456 0.376798956331 0.105079305136 
1513 0.357270264914 0.0988120994914 
1651 0.393466545565 0.088787655162 
1450 0.363687747717 0.10249224539 
1517 0.347338584754 0.0994930539535 
1472 0.325797908461 0.102535481461 
1496 0.359628429178 0.0999358856552 
1345 0.371118543293 0.109520159792 
1570 0.354547480343 0.0937460207558 
1525 0.382216832722 0.0974560214015 
1542 0.366949701841 0.0965158721157 
1408 0.400149052453 0.101137190361 
