2084 0.475763389289 0.0719529376499 
1870 0.514926304158 0.080452083222 
1878 0.490409524824 0.0808514319174 
1963 0.470205363204 0.0808665351324 
1914 0.46827862931 0.0785888907748 
2119 0.482810693471 0.0752253368255 
2137 0.493963782696 0.0749694387254 
1804 0.446996352219 0.0844637415155 
1953 0.494715291107 0.0782285668587 
2008 0.507706097652 0.0755266040884 
1954 0.475027074966 0.0793981363044 
1782 0.475395578499 0.0854237389183 
1832 0.478041462084 0.0844713243318 
1827 0.51565221356 0.0833350430858 
1949 0.50456134951 0.0792327410419 
1920 0.50353686586 0.0785737534176 
2183 0.510260930619 0.0683354511528 
1905 0.454802334025 0.0803447235126 
2015 0.458268224322 0.0760581764517 
1767 0.504458898944 0.0851575756505 
