1597 0.438474300382 0.0938414629375 
1671 0.421376215408 0.0924649401646 
1670 0.419622280088 0.0904955516148 
1747 0.385134941759 0.0887022051459 
2006 0.418855604845 0.0786935216568 
1726 0.38481925617 0.0890548965937 
1698 0.424022132619 0.0918033706626 
1706 0.415868412573 0.0898635461523 
1818 0.428474189379 0.0849725667612 
1685 0.424047816801 0.0906149887281 
1856 0.397356656163 0.0830724327382 
1800 0.409154655781 0.0845222722098 
1573 0.411875019866 0.0954748537873 
1615 0.417708591236 0.0932408044999 
1867 0.389802367308 0.0875170719298 
1723 0.42124996374 0.0879905106896 
1609 0.403363562954 0.0947380272067 
1691 0.427955082743 0.0899850398937 
1565 0.431209875755 0.0989526773452 
1540 0.441857068675 0.0990421751266 
