2440 0.630024996926 0.0656172524895 
2400 0.615397433761 0.0665130030412 
2637 0.63624732263 0.0611856009629 
2311 0.620222774954 0.0676395047042 
2304 0.588597157426 0.0696410165998 
2146 0.634059405941 0.0723569452534 
2032 0.607742078331 0.077120184265 
2336 0.623456790123 0.0664516336094 
2193 0.629884638183 0.0712404815102 
2363 0.596716872567 0.0668828799289 
2441 0.615004915615 0.0670456640177 
2426 0.618926437255 0.0640628219658 
2013 0.617102125969 0.0776317709369 
2366 0.623283329812 0.0671686826537 
2411 0.633148117432 0.0638683861337 
2389 0.645313807531 0.0684224633891 
2504 0.655471246006 0.0655760158746 
2357 0.630668080594 0.0660968981973 
2129 0.648845729316 0.0762065974261 
2523 0.618953251025 0.0634995342938 
2349 0.613737468338 0.0674687639684 
2299 0.601335043813 0.0700531082168 
2384 0.633290695967 0.0665680240726 
2176 0.589362826167 0.0711645247612 
2147 0.605189030636 0.0716525339883 
2376 0.637356394394 0.0653010983462 
2170 0.583600175079 0.071889613905 
2049 0.621797374457 0.0792089362404 
2087 0.643868433031 0.0735306668184 
2646 0.635533973244 0.059477977855 
2418 0.627121271626 0.0663281718308 
2243 0.642591271787 0.0706858339277 
2083 0.600177602842 0.0733335483368 
2208 0.636151616701 0.0711205676569 
2607 0.649887821434 0.0615238307542 
2110 0.630302958524 0.0729889617927 
2456 0.583567387145 0.0651114808483 
2280 0.615179687329 0.0702379843007 
2311 0.606880218021 0.0697653512567 
2432 0.599391459879 0.0651328097695 
