1854 0.492440993007 0.0839143308796 
1913 0.50796014701 0.0815452395883 
1856 0.494280737668 0.0822974465335 
1894 0.512051796334 0.0827660686953 
2059 0.47478916784 0.0763927669597 
1876 0.490704965938 0.0848060832956 
1799 0.471238815095 0.08639774843 
2155 0.513966869287 0.0732397858568 
1898 0.487070781546 0.0821764897567 
2190 0.542017605928 0.0714172097191 
2059 0.499935259367 0.0751168366109 
1916 0.494147622526 0.0813378834917 
1999 0.479111955915 0.0797166920942 
1688 0.465135097796 0.0897126087987 
1876 0.51643705421 0.0841843872412 
1925 0.513838748496 0.0832524413683 
1764 0.467696085376 0.0904607593144 
2015 0.492611244801 0.0789735232827 
2006 0.492400837154 0.0783507947977 
1888 0.528238792275 0.0830281042379 
