1509 0.406467430919 0.106836752866 
1777 0.402765275121 0.0880912779904 
1612 0.415615117505 0.0943913933156 
1705 0.389410816357 0.0937463359227 
1856 0.419709208401 0.0847839256867 
1977 0.437678594007 0.0820513023139 
1512 0.414184655053 0.100667643218 
1581 0.410671955498 0.0985803715352 
1897 0.422201576132 0.0836644395246 
1807 0.406460091299 0.0872190136949 
1797 0.441091794159 0.0876203929069 
1707 0.396106083238 0.0951558518584 
1621 0.450726157072 0.0934859779224 
1885 0.407408389458 0.0813022849606 
1685 0.429420229653 0.0930263070054 
1727 0.450311188305 0.0910601208569 
1796 0.429125038266 0.0869221885176 
1741 0.423367411407 0.0901854431107 
1796 0.407529290624 0.0880562435645 
1583 0.405917374688 0.0977681532485 
