2349 0.612394108382 0.0684889957856 
2364 0.642349732552 0.067862164105 
2534 0.588375717639 0.0649371387141 
2378 0.600403547858 0.0681164351171 
2475 0.598529679074 0.0673409003696 
2407 0.647317164334 0.0662500259562 
2357 0.626041777118 0.0700316774467 
2464 0.616127592224 0.0647098585691 
2590 0.618629835533 0.0645624613929 
2286 0.604541081814 0.0699705387206 
2418 0.634240883155 0.067106874845 
2210 0.629328869687 0.0738169829673 
2225 0.621975058982 0.0721800921245 
2266 0.613865536947 0.0729449372256 
2374 0.649924200951 0.0670798548238 
2472 0.645884303536 0.0648467355481 
2536 0.623876182965 0.0647765920741 
2207 0.627584410879 0.0733139054327 
2258 0.597141338766 0.0712921547353 
2501 0.589510182058 0.0676547293111 
