1763 0.416250779788 0.0905537557421 
1804 0.426073704627 0.0874865786922 
1784 0.427960876633 0.0906948005998 
1968 0.401037697506 0.0809931158869 
1757 0.410172698304 0.0920429327416 
1775 0.411478133536 0.0944641273127 
2098 0.400832598804 0.075589013031 
1777 0.421107767591 0.0901071840374 
1832 0.433059102816 0.0871402429874 
1800 0.444688975285 0.0917240870592 
1963 0.446725485703 0.0818302332392 
1627 0.399271732785 0.100964493132 
1815 0.419512766133 0.0880047236071 
1818 0.439019192697 0.0870528349099 
1708 0.415827895954 0.0952490892999 
1892 0.402440634988 0.0867214532873 
1729 0.427456647399 0.0899480671966 
1606 0.42127871506 0.0995878532965 
1606 0.446147859922 0.100211575876 
1735 0.37902714541 0.0922236110311 
