2116 0.504319543869 0.0826858447327 
1979 0.469221571005 0.0881756202001 
2189 0.470799558549 0.0773911119991 
2207 0.485265136929 0.0775130529821 
2100 0.507787272194 0.0801102486136 
2185 0.489642443102 0.0801313952957 
2207 0.53198317589 0.0748982709603 
2282 0.476797686341 0.077095931379 
2094 0.485965540568 0.0806438014803 
2056 0.510187706672 0.0824066025579 
2056 0.480753799392 0.084920212766 
1993 0.510001170706 0.0840634564247 
2271 0.508654149516 0.0744721390681 
2072 0.495733301162 0.0825744209193 
2221 0.48812819301 0.0772180867824 
2039 0.499566866072 0.0822120629843 
2086 0.479001932877 0.0818464860786 
2140 0.482098232011 0.0793960342855 
2242 0.50375241492 0.0757906542577 
1872 0.517753033014 0.0921920478518 
