2129 0.374559673101 0.0808014536659 
1801 0.45769828711 0.0973342806974 
1803 0.417188929869 0.0955408023905 
2172 0.406656311126 0.0813111264527 
1777 0.435777559055 0.0987459575366 
2234 0.394473036473 0.0804968952786 
1792 0.434127227599 0.0934192591405 
1942 0.435117990684 0.087799399753 
1820 0.40534807085 0.0958293285735 
2086 0.407445355191 0.0849956709568 
2075 0.443841409055 0.0826047213455 
1847 0.4142447367 0.0935791795206 
2039 0.411631697632 0.0872909670818 
1930 0.437194095559 0.0926060954293 
1992 0.413358012298 0.0895666018322 
1880 0.394923007367 0.0900832092232 
2001 0.423595674002 0.0864891381723 
1944 0.423136246787 0.0881800289204 
1738 0.441819829149 0.0982495973194 
2126 0.42920624471 0.0831113191245 
