2726 0.616652609189 0.0654612380358 
2528 0.648400110746 0.0711767788633 
2788 0.627418631758 0.0659856092531 
2534 0.652166193181 0.0704305629538 
2698 0.64878360601 0.064223726631 
2932 0.622079738071 0.0609855137955 
2444 0.629642886361 0.0719420482901 
2678 0.64896972638 0.0675108020083 
2856 0.610369034697 0.0628545043941 
2834 0.654224730992 0.0627149850061 
2865 0.637293222586 0.0628582614992 
2512 0.630911876479 0.0704140054518 
2355 0.591662774404 0.0751036314806 
2651 0.651416286349 0.0675523563912 
2447 0.62156750572 0.0731690809905 
2721 0.645455547593 0.0660542289037 
2676 0.622475478748 0.0665588510042 
2627 0.596989075406 0.0684916352632 
2448 0.610048188835 0.0720777861723 
2426 0.58314104413 0.0723144752565 
