2580 0.641819097814 0.0704635788056 
2957 0.660467946983 0.0613831738571 
2811 0.637379055207 0.0657067600135 
2399 0.647228589289 0.0766653860179 
2771 0.652188029871 0.0651544292723 
2680 0.653208955223 0.0688607742537 
2926 0.601484810169 0.062503737655 
2835 0.637008762495 0.0653065991995 
2784 0.627125796893 0.0663789620185 
2647 0.612572464452 0.0707985960307 
2870 0.608267716535 0.065436424291 
2586 0.626882260839 0.0715899425898 
2525 0.634533143264 0.0721200725628 
2338 0.625189794914 0.0781934999252 
2452 0.605696112209 0.0754559030397 
2410 0.607466556051 0.0753765684953 
2267 0.599920601663 0.0817830440441 
2980 0.652469715781 0.0607430329519 
2571 0.625850538512 0.07125750904 
2785 0.650959312238 0.0651475873611 
