2216 0.483535567685 0.0800005074654 
2429 0.465201465201 0.0750709964193 
2305 0.492670974457 0.0808513622664 
1855 0.471602342964 0.100041016467 
1860 0.486726852598 0.0982576475093 
2044 0.455845542972 0.0922587016609 
2182 0.505070637648 0.0843324026346 
2239 0.487089621097 0.0828969801992 
2199 0.543429337819 0.0812659123457 
2213 0.51965522433 0.0823795308266 
2356 0.486345637109 0.0774594293594 
2418 0.479323463733 0.0757103682491 
2469 0.520641861344 0.0742122656788 
2055 0.513044394721 0.0882005332475 
1960 0.516386197518 0.0921608076237 
2309 0.504900262694 0.0780458398285 
2393 0.485446087853 0.0751539389571 
2365 0.501158899574 0.0770969829864 
2146 0.501595360645 0.0820275199712 
2178 0.510887695298 0.0852305984025 
