2414 0.477972184836 0.0774019049591 
2245 0.531171588496 0.0824959773507 
2217 0.500165381204 0.0848754425827 
2380 0.48693929274 0.0796454600828 
2288 0.513955943929 0.0841490305844 
2247 0.509594060361 0.0818246423088 
2247 0.5108510228 0.0857254210983 
1832 0.478701733326 0.0996578647624 
2171 0.494171903896 0.0851251179816 
2408 0.509118961628 0.0790094156046 
2389 0.480236864681 0.0774348203637 
2319 0.525826453703 0.07911215054 
2262 0.492398462014 0.0833206733107 
2399 0.527789934354 0.0808061764093 
2275 0.477609534902 0.0815880271631 
2223 0.471827395946 0.0838627878734 
2314 0.502405231017 0.0799431008037 
2415 0.456923798876 0.0789615336839 
2061 0.495658290482 0.0920411340594 
2392 0.511502661427 0.0792863263941 
