2645 0.666030390081 0.0719909944814 
2659 0.62016618728 0.0715760297407 
3021 0.660012574661 0.0617249416767 
2685 0.632392923649 0.0693101140596 
2768 0.612452591655 0.0672938865812 
2510 0.625313632562 0.075735418575 
2654 0.639750207218 0.0696478694145 
2354 0.598910550458 0.0781210180938 
2656 0.650385846037 0.0705210097873 
2867 0.643105011683 0.0642574242318 
2818 0.655567579074 0.0653699375565 
2664 0.634344040828 0.0698369718178 
2811 0.633946357427 0.0676184769849 
2688 0.657102732463 0.0681017605699 
2610 0.63419212719 0.0712743032276 
2416 0.624058516802 0.0765905634415 
2579 0.626368940319 0.0727219258204 
2810 0.619095066099 0.0686184456345 
3076 0.617376042123 0.0612877439747 
3157 0.646327558356 0.0585567573559 
