2944 0.619256240448 0.0643089870945 
2795 0.618608145087 0.0687934842875 
2848 0.650993575114 0.0675103899694 
2703 0.657489271973 0.0703098989161 
2766 0.641371333562 0.0677472078145 
3052 0.629302013202 0.0637019427654 
3007 0.625957878288 0.0652900023271 
2915 0.620583190394 0.0667940608919 
2910 0.654942884136 0.0659454715279 
2890 0.648903228038 0.0672280991592 
2890 0.653383731792 0.0647899871985 
2603 0.637828700946 0.0726233408886 
2659 0.607202617082 0.0708188018199 
2800 0.627607142856 0.0679453125 
2914 0.607165525877 0.0660226142075 
2841 0.638740276653 0.0671045655732 
2859 0.610536901014 0.0673940844701 
2495 0.65725790296 0.0765921736648 
2975 0.634591797301 0.0646621973553 
2517 0.621361054847 0.0758323528536 
