2989 0.60810290895 0.0656913358759 
2810 0.61254802903 0.069239629287 
2761 0.636588324762 0.0719324889549 
2526 0.629138876244 0.0779230658856 
3032 0.654302768479 0.0647600046168 
2850 0.640269468956 0.0692032815213 
2717 0.634546391183 0.0713541570842 
2853 0.638528669563 0.0709674663535 
3033 0.633401456966 0.064762089198 
2847 0.62539721554 0.0691895705683 
3264 0.651562499999 0.0606158088235 
2981 0.640914274214 0.0668768446471 
2946 0.610241096726 0.0665942754373 
3052 0.608032174567 0.064449477409 
2882 0.601259126935 0.067281885742 
3026 0.63444413237 0.0644330216267 
2976 0.640257318977 0.0662248370761 
2892 0.645106647768 0.0684470823106 
2753 0.63771155662 0.0702688040241 
2741 0.656239740269 0.0710620303323 
