2077 0.424002262661 0.0942953555267 
1977 0.400764951321 0.100614015678 
2110 0.374843042953 0.0938766021465 
2123 0.42651247646 0.0915048258004 
2292 0.391772814517 0.0861590200227 
2199 0.435245584926 0.0872119121759 
2013 0.446424137075 0.0962316861188 
2005 0.440506755073 0.0965402063912 
2228 0.385000224346 0.0868758973842 
2112 0.435021062098 0.0918523404961 
2235 0.399789784417 0.0875623378657 
2047 0.42926302166 0.0949694451907 
2260 0.41404158832 0.0864160491096 
2179 0.427469666736 0.0874543424162 
1996 0.437742581695 0.0971794009015 
2402 0.435319888445 0.0822013273185 
2038 0.425120802571 0.0956199103486 
2260 0.440872401592 0.0866389318886 
2071 0.423987832259 0.0963490741412 
2161 0.387482362194 0.0904006239736 
