2012 0.386080604284 0.0994066180491 
2047 0.37675418244 0.0952688057151 
2031 0.370000246142 0.0958022066607 
1744 0.358661812344 0.113625369091 
2093 0.358510663705 0.0928849919993 
2179 0.355228810643 0.0917091983026 
2052 0.389353667747 0.0955623279412 
2152 0.35830720275 0.0885667084756 
1847 0.385641608486 0.105062205715 
1968 0.380527331843 0.0991767584079 
1866 0.381337547205 0.10178994697 
1961 0.384440479225 0.0990082526129 
1927 0.350767794148 0.104261776302 
1935 0.397002816319 0.0997306410357 
1813 0.374815958532 0.108638317158 
2182 0.364070374782 0.0877816308532 
1869 0.380047073928 0.102640720285 
2065 0.381877163677 0.0984601580847 
2053 0.352915103989 0.0963870184113 
1788 0.360601655111 0.111657941456 
