2272 0.39707500055 0.0897465513828 
2278 0.438438158357 0.0883357015889 
2310 0.411558185831 0.0897570270914 
2499 0.437353735373 0.0803117811781 
2231 0.382218862007 0.0891542058692 
2027 0.440547239143 0.101064452884 
2250 0.409165629998 0.0869947629732 
2286 0.424201342575 0.0865256625413 
2254 0.445554323725 0.0890652716187 
2023 0.397614694765 0.0971886812265 
1941 0.444525274895 0.101984378621 
2037 0.426114751282 0.0954916071561 
2268 0.402777471619 0.0896664554172 
2296 0.411285054868 0.0878562641526 
2087 0.434051724138 0.0967792145595 
2268 0.408770305715 0.0894367574776 
2079 0.438902248407 0.0947021161477 
2156 0.429614127032 0.0921923190641 
2374 0.436639147466 0.0828728518175 
2023 0.450457128737 0.0967618760811 
