2724 0.470079038809 0.0783194235428 
2619 0.504218201252 0.0800238466751 
2869 0.53780511891 0.072483259123 
2635 0.50639931201 0.0778137686383 
2788 0.515053165737 0.0752997296885 
2702 0.50914327653 0.0771336753196 
2884 0.496998168275 0.0738365012914 
2222 0.481024048953 0.0926891408518 
2393 0.477836731283 0.0853245373078 
2623 0.50368436432 0.0791189446202 
2703 0.48961588963 0.0779247498751 
2574 0.492331099673 0.0800172380305 
2843 0.523346520146 0.0731884615384 
2523 0.51488136511 0.0854083295362 
2559 0.504134760639 0.081201042155 
2686 0.526275633629 0.0793956325133 
2409 0.48916697796 0.0841650712863 
2625 0.506287092576 0.0801634056936 
2575 0.506186501003 0.0816140069889 
2593 0.498945961232 0.0807761645843 
