2124 0.338229134803 0.0997251405916 
2040 0.371408971752 0.0998526961806 
2080 0.384654202913 0.100107535925 
2122 0.388826841969 0.0992296658892 
1956 0.38419586496 0.106809367732 
2032 0.37091114884 0.10189025553 
2193 0.38639161158 0.0941841662868 
2217 0.374936868687 0.0941093411797 
1907 0.370973321453 0.109712412862 
1960 0.405884752677 0.103285552652 
2166 0.36537130198 0.0979081091061 
2076 0.335530465346 0.101036826838 
1979 0.368498409011 0.102961718395 
1968 0.394062523808 0.105560908017 
2170 0.353611501509 0.0966616650923 
1869 0.352751103384 0.111108231911 
2135 0.403601114519 0.100471358496 
2243 0.351057428743 0.0915834689012 
2043 0.370072921255 0.0992187117654 
2322 0.37132340279 0.0900785151541 
