2518 0.422493547746 0.0834512110383 
2378 0.416190165864 0.0903641289495 
2296 0.447163321287 0.0935322963383 
2152 0.437804906379 0.0995635482972 
2283 0.440749863164 0.0940130678709 
2282 0.404981489189 0.0922062914851 
2091 0.416459478843 0.100705982548 
2241 0.415978852503 0.0943627587669 
2432 0.430450780078 0.0885481972908 
2014 0.435874528489 0.103588135299 
2347 0.402331104106 0.0906045003408 
2445 0.444530754921 0.0899449217073 
2429 0.420509733712 0.0862812281352 
2395 0.428466322974 0.0904639592161 
2355 0.409972622509 0.0877585209788 
2416 0.41508389713 0.0894827291912 
2286 0.438115022961 0.0934807566149 
2223 0.398855176447 0.094056448348 
2348 0.419657491964 0.0917802860975 
2521 0.438627711464 0.0845557436452 
