2415 0.523605446402 0.0862737702118 
2780 0.518709685154 0.0763451145601 
2616 0.51920859689 0.0803298003975 
2650 0.506919947432 0.0804479259022 
2602 0.505212135182 0.0825626584771 
2566 0.506768733321 0.0833926814897 
2625 0.498790775617 0.0784151067355 
2640 0.505390597384 0.0805636693304 
2502 0.474789244476 0.0853921950537 
2771 0.491118887846 0.0771717611299 
2419 0.504391130948 0.0876056454446 
2690 0.523859075367 0.0807191982867 
2616 0.522791396781 0.0808940137952 
2448 0.496085559458 0.0884923106772 
2550 0.493631842746 0.082154619773 
2700 0.485349036746 0.0783174154182 
2718 0.480323265025 0.0774552996578 
2810 0.491360703951 0.0764934582681 
2263 0.517305356157 0.0936336968526 
2402 0.50049604207 0.0882589573751 
