2359 0.361207883026 0.091256754609 
2102 0.399766955198 0.0996548915629 
2190 0.406551314828 0.096360111167 
2099 0.398861715048 0.098901528231 
1894 0.403024385095 0.11204088264 
2111 0.371976512927 0.0995988315656 
2134 0.385938122116 0.0991335017683 
2151 0.37 0.0985086547398 
1995 0.392880761523 0.105353284694 
1883 0.369012663605 0.112063444129 
1949 0.382963228884 0.109529254705 
2024 0.355337120277 0.103760187701 
2191 0.410877897427 0.0949035521994 
2152 0.363899017581 0.0994804125927 
1980 0.372505554434 0.106190668552 
2027 0.40147972773 0.102197164472 
1967 0.37593495935 0.107269435976 
2312 0.365941527549 0.0941912734625 
2181 0.412844078751 0.0974378881988 
2190 0.363754222587 0.0964732835753 
