2715 0.515899324739 0.0800120856353 
2809 0.511623353506 0.0782368058027 
2682 0.498481092867 0.0827128799597 
2679 0.488423161142 0.0818131345177 
2546 0.49757173526 0.083839562716 
2547 0.513695627997 0.0840830029635 
2680 0.530678603624 0.0784059381703 
2768 0.532043989381 0.0787152721346 
2784 0.513332974195 0.0764176946973 
2442 0.521991333128 0.0883454678063 
2688 0.495450432023 0.0788223111681 
2625 0.507981542484 0.0821436392025 
2816 0.511117818693 0.0763364242467 
2735 0.493093257776 0.0800612375468 
2680 0.524322979821 0.0821585556384 
2954 0.472747271342 0.0745219561722 
2898 0.474523940941 0.0753765566786 
2666 0.480039751739 0.0808400601901 
2468 0.503578711394 0.087311484625 
2777 0.520379505274 0.0768355282108 
