2727 0.497479238088 0.0846755435679 
3052 0.493843541315 0.0744917850181 
2847 0.472015875524 0.0807040593224 
2694 0.512866669141 0.0841066673162 
2934 0.483764703209 0.0793813576649 
2689 0.482040603852 0.0848917277088 
3008 0.507450615437 0.0759121464419 
2540 0.496877623845 0.090076206313 
2868 0.499285440412 0.0817658771654 
2920 0.496549716614 0.0802008955326 
2790 0.501319860011 0.0806316515569 
2883 0.503941421917 0.0801139515933 
2887 0.48897508716 0.0801602436448 
3131 0.508523468143 0.0732913812648 
3180 0.50395702306 0.0725496265723 
2724 0.501067611303 0.083616678597 
2738 0.486230044976 0.0850469700013 
2885 0.50479952871 0.0788297141941 
3048 0.496727415888 0.0742570044782 
2813 0.493851293716 0.082089005189 
