2629 0.423595794037 0.0888270792136 
2533 0.448055215692 0.0908546542606 
2525 0.426050203904 0.0914214376212 
2369 0.431516532675 0.0966787602077 
2310 0.397696784802 0.0991719946774 
2440 0.430756703607 0.0940972791241 
2432 0.43133849853 0.0933042962248 
2610 0.410045207264 0.0882098354532 
2702 0.445679925994 0.0847525439408 
2498 0.432524912955 0.0912355674951 
2462 0.422388408269 0.0935126518013 
2331 0.427104997963 0.0965701987607 
2688 0.384706954597 0.0855955768837 
2669 0.397715992733 0.0859276965145 
2460 0.42869478646 0.0944839794384 
2379 0.429237947123 0.0980248570888 
2483 0.433320917309 0.0919313251253 
2361 0.437989666709 0.0976137350189 
2425 0.403606324208 0.094481133534 
2496 0.426865297947 0.0921882824236 
