2521 0.445235970652 0.0904970379734 
2725 0.424896798458 0.0851653518026 
2708 0.435648225065 0.0870983205959 
2522 0.436888104958 0.0912002308851 
2391 0.435615879918 0.0957644536313 
2626 0.431580650688 0.0889871547145 
2541 0.418553749901 0.0927546086802 
2390 0.446812515686 0.0974082081904 
2838 0.413091338194 0.0837874044524 
2550 0.425691436188 0.0934412793775 
2503 0.454345742131 0.0918689586995 
2627 0.420089455653 0.0888736557861 
2563 0.437350078982 0.0919652695165 
2447 0.42121447398 0.094652835952 
2530 0.436357618511 0.0924680627186 
2495 0.432229368275 0.093469187654 
2537 0.425112801213 0.0933879524363 
2878 0.423646218794 0.0811123199736 
2313 0.428904831878 0.0989764537774 
2376 0.415376362183 0.0974388069592 
