2371 0.368558896715 0.102753271161 
2494 0.375212441879 0.0970061477874 
2517 0.348800540154 0.0936382953372 
2344 0.388932486032 0.102083955303 
2382 0.381520963613 0.100679507492 
2121 0.376971125516 0.112350839717 
2120 0.365556262819 0.111287190278 
2228 0.392144459399 0.106874579408 
2475 0.373024495648 0.0960448893354 
2172 0.38984486489 0.106272010082 
2150 0.367176530755 0.109871521805 
2393 0.379086141696 0.0980679883208 
2173 0.383898207588 0.106236050712 
2503 0.390408277405 0.094754027345 
2264 0.406932179442 0.104028570404 
2107 0.360222986597 0.112364339936 
2143 0.373457438123 0.11146066613 
2463 0.378150748873 0.0950615436133 
2125 0.374291897996 0.110287328268 
2532 0.362016269152 0.0939508346825 
