2503 0.437275341481 0.0952639487978 
2600 0.437459148756 0.0910255824907 
2641 0.409923895346 0.0922360711446 
2871 0.437585972732 0.0835497161811 
2755 0.433263173174 0.0873871048955 
2546 0.415112398154 0.09022958182 
2553 0.421672181216 0.0929687041134 
2683 0.435054590848 0.0879587471121 
2645 0.434675147917 0.0904434108051 
2703 0.428928095872 0.0903234344947 
2683 0.419516943311 0.0894681812254 
2520 0.434996925396 0.0948536959713 
2696 0.418756143246 0.088855107472 
2625 0.423234756446 0.0920427171802 
2477 0.422186232366 0.0942475933886 
2488 0.408297338021 0.0972181064792 
2642 0.42382664648 0.0909461345571 
2545 0.42712936232 0.0949565731849 
2330 0.441748562355 0.100651231654 
2672 0.432089873346 0.0878984809084 
