3974 0.623889797458 0.0601722700968 
3796 0.634417593994 0.0628226443668 
3324 0.626547434605 0.0717131586468 
3418 0.653755010092 0.0691338024048 
3472 0.660447170272 0.068488019911 
3710 0.623664245576 0.0643057108975 
3375 0.620663348442 0.0714096247 
3226 0.630105993925 0.073058715056 
3325 0.642183835467 0.0718187165493 
3540 0.643911152531 0.0677965877319 
3315 0.625991495008 0.073332931206 
3555 0.606492027334 0.0662767337382 
3513 0.658634823944 0.0677493257379 
3602 0.630553049753 0.0652982097009 
3568 0.625236420695 0.0682647246311 
3547 0.627500317164 0.0665293166151 
3496 0.62742938863 0.0665369145512 
3555 0.642978681516 0.0666290499493 
3595 0.651082588198 0.0659130731042 
3421 0.645151391161 0.0689320237607 
