3054 0.506281379611 0.0793943393909 
2955 0.507906163649 0.0812251522585 
2812 0.500530379799 0.0857815250049 
2861 0.487248939838 0.0825292927792 
2983 0.483752032043 0.0805867577804 
3024 0.504534585165 0.0777009157327 
2713 0.505085120495 0.0890468968789 
3003 0.524958938162 0.0785112552437 
2752 0.523334604973 0.0866472627936 
2894 0.491820835708 0.0829570874574 
3094 0.511492767203 0.0763270672439 
2949 0.477483892844 0.0807980459477 
2974 0.508107805233 0.0785313182887 
2902 0.525637933806 0.0821424111141 
3109 0.486249792313 0.0776092164713 
3153 0.475710352626 0.0762570546457 
3101 0.490858377402 0.0782106523281 
2890 0.529366987872 0.0822070221268 
2978 0.508828483963 0.0808960561441 
2684 0.485924325398 0.0878214292367 
