2437 0.397975509199 0.100517211761 
2538 0.424405664651 0.0948265249847 
2575 0.427364864865 0.0943200406764 
2434 0.457291153277 0.100383630072 
2684 0.46314750312 0.0880124611172 
2540 0.432889868535 0.0967152813312 
2770 0.397973180284 0.0870067184651 
2731 0.419075250315 0.0876748663762 
2491 0.43148705599 0.0989244681919 
2655 0.418990678843 0.089941507391 
2730 0.41596765627 0.0878377914324 
2850 0.431158911941 0.0846620205545 
2607 0.433482237006 0.0926823510803 
2583 0.422475368266 0.0950215104237 
2758 0.407411939595 0.0865987744964 
2633 0.418356401055 0.0915601089784 
2633 0.435730964178 0.0919284626117 
2682 0.43288102738 0.0903207186259 
2595 0.446576503679 0.0927999653219 
2591 0.432863179424 0.0920719412661 
