2882 0.524047441435 0.0842166438249 
3227 0.519355105244 0.0754799238551 
2989 0.48982026581 0.0804460671996 
2809 0.475674360936 0.085542210219 
3147 0.516889870313 0.0782771617392 
3133 0.48804642084 0.0772297281125 
3067 0.501499396981 0.0787606139378 
2968 0.488546403907 0.0805767854135 
3201 0.500752333796 0.0747202177342 
2897 0.50759654603 0.0837779153651 
2969 0.512847713342 0.0821851636694 
2872 0.507547541972 0.0836793288141 
2929 0.505259445098 0.08218958536 
2799 0.527305521822 0.085305758447 
3101 0.503917838255 0.0780680663936 
2789 0.491779577986 0.0886157833895 
3047 0.510921520371 0.0796605824446 
2837 0.519600415793 0.0837444281964 
3186 0.488161548961 0.0750459926568 
2986 0.513698439008 0.0813268078088 
