2340 0.346849502328 0.103407743817 
2403 0.382701308427 0.10345919227 
2651 0.386013801425 0.0935243363249 
2341 0.376960690112 0.106005314095 
2211 0.38747202568 0.110317014038 
2370 0.355683495719 0.104471798684 
2358 0.383792035961 0.101469403333 
2255 0.381166714707 0.106189095031 
2256 0.379777521716 0.110660925589 
2560 0.352705896139 0.0963975499482 
2295 0.366890273119 0.107765333014 
2331 0.381518732174 0.105567179023 
2330 0.355474515188 0.106259117041 
2501 0.38097141715 0.0999103662802 
2622 0.377133704523 0.0940741552894 
2633 0.361673532147 0.0924378072856 
2296 0.394700862144 0.106126992075 
2310 0.390329422969 0.105190251504 
2558 0.374459686559 0.0973009975769 
2552 0.34920473243 0.0949742419494 
