2482 0.447724068479 0.0990156092649 
2550 0.42524995099 0.0974315697902 
2565 0.414404583276 0.0958125474989 
2770 0.411093964334 0.0900724676918 
2617 0.433104106972 0.0949501552053 
2763 0.420336529763 0.0906854984621 
2517 0.431769881624 0.0956129712203 
2699 0.433065725873 0.0912139794803 
2766 0.445173535791 0.0896251355748 
2750 0.43127533492 0.0900273003653 
2706 0.448375891504 0.0910142825468 
2529 0.443714664136 0.0974358641719 
2485 0.42523030815 0.0968196229584 
2454 0.443990712642 0.0979596071203 
2764 0.447015316732 0.0867302075987 
2839 0.423640830559 0.087542487804 
2656 0.442252314989 0.0919008318904 
2591 0.456474979744 0.0947296143755 
2852 0.435166684193 0.0873314644897 
2511 0.436429709279 0.096438172043 
