3637 0.635705055947 0.0680303728039 
3964 0.661280760837 0.0620285755729 
3784 0.624227049309 0.0646991107763 
3626 0.653029007885 0.0667384309683 
3643 0.629756171187 0.0678350416443 
3582 0.635323341426 0.0684736875156 
3578 0.619058264635 0.0691281263098 
3463 0.621854744409 0.0709455435896 
3238 0.637518915412 0.0756073681325 
3818 0.638401508405 0.0651003476404 
3554 0.629104183664 0.0689974115859 
3512 0.637019744052 0.0702750217084 
3453 0.634607310893 0.071211771625 
3348 0.624843189963 0.0743104558691 
3450 0.65587774976 0.0714795180853 
3877 0.648352569475 0.0629960829195 
3708 0.657649580715 0.0660408718014 
3761 0.622324870397 0.0657280174132 
3446 0.647823374965 0.0724914595935 
3597 0.655677095639 0.0693127406284 
