3034 0.416349465289 0.0841000749748 
2742 0.419880034276 0.0910568105161 
2559 0.438728459224 0.098112800887 
2526 0.426699653637 0.0971214745176 
2691 0.413317049612 0.0932786698739 
2932 0.408274086577 0.0851821304963 
2811 0.456382165152 0.0906253890479 
2530 0.435914156983 0.097907897597 
2670 0.417282991312 0.0924252920911 
2595 0.400443159923 0.0982032755299 
2845 0.425831561561 0.0880566256962 
2733 0.421222791293 0.0922415172855 
2620 0.420885955206 0.0977115446984 
2646 0.421799425635 0.0935421704957 
2951 0.44472819366 0.0843955400552 
2571 0.421713046691 0.0966378128464 
2853 0.4279393727 0.0888136280007 
2648 0.420631549136 0.0939175634853 
2820 0.435534200914 0.0876730878337 
2784 0.429824403907 0.0896894525639 
