2566 0.359002629785 0.0971796776079 
2567 0.397706296974 0.0973880651505 
2384 0.373749318572 0.104669219399 
2493 0.390539971527 0.100401895815 
2424 0.369567369159 0.102978590135 
2534 0.375652482689 0.0997535928469 
2266 0.374048496348 0.10898233237 
2503 0.395622216452 0.0992534351221 
2490 0.399598530622 0.0982524163438 
2369 0.369140204663 0.106208460808 
2412 0.398105581694 0.103443284038 
2413 0.370499409657 0.10363792541 
2434 0.388553820871 0.102962908279 
2415 0.367398729068 0.101839513775 
2553 0.382669825915 0.0973931917873 
2471 0.383209936481 0.102603344864 
2550 0.396009095186 0.0981043324643 
2400 0.390349653262 0.101517433204 
2537 0.366765204367 0.0981330800914 
2543 0.354972772131 0.0972247478719 
