3516 0.643657565414 0.0711612983503 
3544 0.641266326271 0.0695268202205 
3895 0.627605905006 0.0640544768934 
3562 0.637196704977 0.0713458124587 
3457 0.654869496059 0.071715485142 
3584 0.643231818752 0.0687472970521 
3602 0.636243771772 0.0698246728011 
3944 0.645698134252 0.0642729035692 
3813 0.630683307986 0.0657181649535 
3538 0.648025943929 0.0719240599564 
3471 0.653563662024 0.0707212563186 
3827 0.652103200522 0.0666672109731 
3802 0.633082647452 0.0656797279707 
3780 0.650415966775 0.0655833785231 
3711 0.65192090091 0.0673893899186 
3546 0.638092418731 0.0703338654881 
3699 0.649956749742 0.0689246060171 
3804 0.633439796011 0.0670065914855 
3545 0.659380640793 0.0705923362759 
3532 0.637609874166 0.0696157235063 
