2915 0.511141599496 0.0849546068427 
3381 0.496300677756 0.0751390942698 
3163 0.505229491698 0.0794695853026 
3272 0.508610020321 0.0763924435038 
3291 0.514543834062 0.0762715726786 
2831 0.47248613711 0.0876965748949 
3235 0.513194229778 0.0791798686244 
2990 0.505573204034 0.0844376985453 
3021 0.503080852378 0.0834925302431 
3061 0.518975280409 0.0820039407056 
3247 0.523551477643 0.0768373693366 
2937 0.521143939909 0.0844320686398 
3004 0.49697695832 0.0837687622724 
3303 0.499225486782 0.0764194783766 
3266 0.508314836075 0.0754238423268 
2789 0.485827298582 0.0884738877536 
2756 0.522030720851 0.0899415479862 
3105 0.483425651595 0.0807320180664 
3317 0.48402590421 0.0751800194432 
2909 0.500890897944 0.0855154603736 
