3941 0.653595849137 0.0642163773199 
3764 0.64210099883 0.0674584595154 
3891 0.629987923635 0.0650481609239 
3736 0.647080472691 0.0681378477937 
3795 0.642053538493 0.0678555784633 
3729 0.643315859331 0.0687138006622 
3828 0.644867441556 0.0665775597492 
3533 0.634513887905 0.0722889222192 
3580 0.631577109981 0.0710233620063 
3788 0.653648686103 0.0667991589345 
3621 0.65467511667 0.0698400350012 
3552 0.626738359326 0.0715784408253 
3809 0.631556844577 0.0666039744615 
3783 0.639710838277 0.0667625087554 
3684 0.632095314344 0.0694837874696 
3838 0.651496007606 0.0652115951986 
3898 0.604834882974 0.0663329592817 
3655 0.629832289129 0.0692136501053 
3893 0.646305595869 0.065323942667 
3799 0.640337716007 0.0667851995893 
