2419 0.390835813492 0.10407301484 
2523 0.365873377588 0.103065862479 
2545 0.384483300589 0.101327971513 
2642 0.372790402846 0.0970601383186 
2416 0.352075487315 0.104477920788 
2473 0.391016233044 0.102993851962 
2538 0.369376501634 0.0993091250148 
2512 0.379982091334 0.101849940304 
2451 0.390244798041 0.100604663913 
2461 0.351199398777 0.100655937075 
2490 0.392456693229 0.101767774343 
2337 0.364417545285 0.107029194914 
2498 0.399347726045 0.100693541287 
2553 0.394580943245 0.100318257014 
2502 0.359433377954 0.103417014645 
2183 0.407954571474 0.115361250086 
2650 0.364382476133 0.0973306431833 
2319 0.384800465688 0.107814959145 
2467 0.381541828794 0.101921269557 
2348 0.370951742342 0.106827875875 
