2503 0.374834198961 0.104482121454 
2685 0.382314723458 0.0960371600238 
2606 0.361326581501 0.0998976195956 
2419 0.368280936731 0.105684566255 
2399 0.379740346344 0.105895216413 
2760 0.366435466053 0.0951184148572 
2421 0.380555383504 0.105893852586 
2542 0.391570293446 0.100418068012 
2734 0.376528242544 0.0940145738475 
2433 0.370758167249 0.106646162934 
2547 0.378524464682 0.0997895036407 
2372 0.401475330369 0.105964286467 
2542 0.374081139014 0.100126472439 
2619 0.35822741326 0.100098047635 
2538 0.379569002876 0.102786559902 
2568 0.374754711104 0.100785934337 
2594 0.377937095282 0.0997665645236 
2515 0.369803594147 0.101956665971 
2592 0.399201650693 0.100779547602 
2441 0.377452445791 0.108208219865 
