2631 0.423210655317 0.0962547619274 
2663 0.453957003379 0.0958848690387 
2866 0.406343198981 0.089686306399 
2763 0.427194918934 0.0926083209684 
2845 0.405491019647 0.0911512337 
2694 0.42906840826 0.0946350794107 
3064 0.411815808793 0.0844593767843 
2777 0.426342740919 0.091830271968 
2771 0.426606952788 0.0934652992008 
2947 0.434530775623 0.0885202004783 
2900 0.41361637931 0.0890845905172 
2935 0.424737729486 0.0881347074151 
2929 0.420192160008 0.0904397836066 
3008 0.431163154045 0.0868880268931 
2606 0.445247596938 0.100432167456 
2699 0.41010798896 0.0968013711634 
2714 0.435561408679 0.0943773944596 
2718 0.432305938172 0.094774100263 
3008 0.409852892287 0.0883446226728 
2940 0.434366709747 0.0875259336099 
