553 0.337490961678 0.0824775171728 
747 0.35856473737 0.0640640682503 
489 0.445182384796 0.0858089813017 
659 0.374857879178 0.0726379519442 
619 0.332680820149 0.0731983572813 
509 0.452126092507 0.092612994697 
573 0.382918009933 0.0794210704017 
591 0.394594365959 0.0741979316471 
843 0.350408985834 0.0571820727876 
475 0.333464815399 0.0950023666772 
677 0.332337758112 0.0652216998525 
495 0.372882210569 0.0967895950988 
596 0.35197920161 0.0765839902717 
501 0.380917970697 0.0877557186285 
610 0.376597836775 0.0716670763684 
686 0.34880926371 0.0681123006336 
543 0.346488002206 0.0862528155741 
582 0.389584763212 0.0752750729238 
513 0.352637726299 0.0906368624684 
506 0.3812604959 0.0888354489776 
