491 0.275027949995 0.172197377782 
409 0.248638749847 0.211466853864 
490 0.239849087387 0.176436473947 
604 0.256840363937 0.157028019024 
521 0.259306114625 0.187586855472 
437 0.243502114527 0.205394902275 
599 0.285728584536 0.157094524147 
479 0.254258872651 0.186045146138 
483 0.207429635762 0.19389616101 
500 0.250089982004 0.174268271346 
451 0.219459219858 0.188441932624 
427 0.31124897577 0.208975915955 
562 0.257036180994 0.157814027914 
498 0.237052631579 0.182622180451 
578 0.191689702833 0.146029500691 
447 0.251822043371 0.2107506148 
489 0.2312716881 0.173791845275 
479 0.276102136529 0.196420661803 
449 0.232962138085 0.202790924276 
486 0.182212180343 0.176247817603 
