588 0.365187326418 0.06187404353 
557 0.469233300428 0.0651675940052 
541 0.407622739018 0.0638796603913 
587 0.478189300412 0.0610036185611 
550 0.442515677542 0.0644653730801 
680 0.48490857017 0.049556620401 
651 0.386961416436 0.0556282622045 
537 0.456145251397 0.0687267225326 
714 0.426884205121 0.0516665499615 
574 0.447810568469 0.0592365282493 
579 0.519263415336 0.0609473457057 
654 0.458889991602 0.0571312695626 
677 0.438676807207 0.0541645130326 
581 0.457480946651 0.0615598676294 
708 0.376246941464 0.0589285714286 
574 0.438221139908 0.0610182205601 
803 0.485004977601 0.0430858013937 
684 0.429058082099 0.0540988393313 
487 0.430253251198 0.071522073922 
820 0.46328475906 0.0432290713981 
