527 0.32214637846 0.226867652636 
516 0.31632603642 0.254964161178 
451 0.349203275423 0.271587178636 
531 0.248447204969 0.22720214568 
521 0.360906040268 0.235941994247 
452 0.298851209544 0.254137670754 
550 0.312619155697 0.210595400212 
441 0.252491788424 0.266753501718 
535 0.298981593946 0.243339094958 
519 0.271061742643 0.228253029429 
483 0.222963192721 0.236550523849 
441 0.234917940011 0.245246179966 
479 0.361009795748 0.240846880645 
514 0.351623250389 0.213513316485 
483 0.244229375841 0.243487561674 
504 0.306152779154 0.230791142376 
519 0.329434979305 0.253946481856 
467 0.267876257761 0.271952829515 
502 0.292732702837 0.224157955865 
495 0.31183745583 0.22595911156 
