680 0.390853613705 0.0974928314095 
457 0.234819474836 0.131471097739 
513 0.310171222882 0.112940623277 
463 0.255857898715 0.129127973941 
501 0.318127430452 0.118163575631 
582 0.376953125 0.103918054602 
476 0.400047234177 0.134536492775 
630 0.293953211737 0.0975878932065 
629 0.393805133911 0.0973039020901 
545 0.387224770642 0.108396406728 
505 0.409318091845 0.11867412246 
501 0.400658616904 0.113357781991 
436 0.392211285338 0.127928159933 
552 0.307789740342 0.109016405802 
547 0.274586795726 0.111184671111 
483 0.370356958096 0.125616485601 
491 0.444059859513 0.11334156232 
566 0.2031884826 0.10587793676 
437 0.362654320988 0.139572378448 
479 0.327304003336 0.12260868432 
