583 0.295415988347 0.10979493331 
468 0.324615384615 0.119061609687 
473 0.210518534164 0.115539303693 
529 0.291724072851 0.11252201881 
569 0.221338948846 0.104040536983 
429 0.213839701771 0.129516639484 
525 0.266704761905 0.110218253968 
547 0.284102938492 0.103377669283 
430 0.322966229546 0.144999226336 
645 0.355280080576 0.0972469719274 
442 0.213009599097 0.13401091662 
461 0.263541892184 0.135125748719 
874 0.243983307609 0.0777430019627 
529 0.236094059873 0.114212468914 
400 0.250930435869 0.139495129262 
535 0.231757009346 0.100440031153 
442 0.260494524105 0.12902929886 
432 0.322073114299 0.132406389789 
431 0.362827346466 0.135081112399 
483 0.236681493742 0.11940752043 
