574 0.261235857267 0.123816362054 
517 0.156135770235 0.132612900106 
521 0.238754192621 0.145409678965 
580 0.204103094561 0.12551935178 
587 0.27711684112 0.127908263127 
499 0.284249524382 0.148327826174 
503 0.268684863524 0.15053101737 
516 0.260402944595 0.133376113909 
426 0.277291397723 0.168328247858 
533 0.326050262566 0.139717741935 
421 0.300367690665 0.17977997865 
503 0.205239654659 0.160350302669 
483 0.25323264715 0.155798075928 
523 0.225771914731 0.125845999426 
396 0.269485108531 0.170377965674 
473 0.268018160701 0.146547355084 
556 0.212348341871 0.139237889818 
559 0.202750736804 0.137027775297 
493 0.242868719611 0.144800952188 
441 0.197010192525 0.152853907135 
