557 0.559419250762 0.0968235474868 
746 0.566206526838 0.0674414374743 
876 0.508641834465 0.0621083468468 
652 0.532487931959 0.0757358494697 
535 0.535684298908 0.0926608958725 
540 0.533913204405 0.0964520350566 
883 0.547841339897 0.0612334392253 
790 0.578243550835 0.0648044024135 
666 0.606470014261 0.0778165578323 
815 0.578055061623 0.060916190009 
438 0.506788362807 0.111971314481 
767 0.555052741243 0.0676950588805 
702 0.582573707449 0.0734836307404 
670 0.497205038384 0.0792305071391 
854 0.560229333646 0.0650224402638 
589 0.562553047021 0.083793074181 
706 0.562747594794 0.0739676813 
689 0.601377810007 0.0784639490314 
799 0.636298242322 0.0626558185669 
856 0.558742850473 0.063293118111 
