741 0.630547686497 0.047703358964 
1067 0.549103170515 0.0338758019951 
780 0.56772334294 0.0489401216779 
839 0.521153616971 0.0437537242284 
874 0.619811320755 0.0421440823328 
671 0.587946428572 0.0523111979167 
820 0.598372645822 0.0428826110807 
876 0.64602830404 0.040961681123 
894 0.516325617802 0.0426786313318 
609 0.623585369854 0.0552341315401 
783 0.553853029433 0.0474797292984 
946 0.654953764861 0.0366922060766 
721 0.607412800777 0.0471421884752 
794 0.622112418959 0.0423656133946 
831 0.550015028554 0.0459167418095 
804 0.501118498726 0.0465171192444 
637 0.549259346344 0.0544978054707 
966 0.480888590049 0.0374806041171 
728 0.580004118616 0.0497477347611 
896 0.540293346718 0.0428726786013 
