485 0.292088998764 0.0982216434163 
530 0.287910222557 0.0981486096891 
556 0.318536497663 0.0870158473314 
462 0.336850070263 0.111563228686 
582 0.250055827536 0.0898179163446 
431 0.306007639773 0.104993137433 
430 0.256814220983 0.116985344155 
558 0.27103707684 0.0855178987232 
612 0.274953042058 0.0815726535612 
509 0.260164835165 0.100404378784 
381 0.29129750983 0.125114678899 
559 0.320421654458 0.0872182802011 
428 0.209529370548 0.117853389166 
499 0.322078702313 0.108548255589 
467 0.268818123531 0.105954034745 
530 0.284460350348 0.0905941393321 
772 0.242466196545 0.0713038013291 
468 0.390153780436 0.103765561116 
593 0.245380984491 0.0919919805414 
648 0.298834966438 0.0795242871472 
