723 0.329994934844 0.0992885757702 
502 0.398255042463 0.153503184713 
587 0.411829787234 0.128523404255 
426 0.373094065212 0.167264836969 
635 0.4517685309 0.118392590262 
588 0.385268881149 0.117908418996 
555 0.440192105658 0.120144079244 
590 0.356659333221 0.121835335928 
591 0.452322600637 0.12485210851 
603 0.364569536424 0.129105960265 
564 0.393893760888 0.128397112233 
684 0.458811210948 0.110504784864 
575 0.34762855572 0.125978817606 
551 0.376613171336 0.130102457158 
636 0.427651723326 0.116118395227 
644 0.435799979315 0.104120772572 
660 0.403468908581 0.108713928653 
397 0.42658780099 0.183054366977 
491 0.420422559094 0.15122342049 
848 0.432268332941 0.0866835651969 
