644 0.362748138958 0.0627627860491 
716 0.393011577626 0.0562626896669 
560 0.421795557934 0.0664649798313 
571 0.340344586321 0.0654407906245 
567 0.389464175553 0.0650220812158 
532 0.414983560357 0.0724727310683 
681 0.291856116163 0.0600758612822 
627 0.449334555308 0.0620118744023 
353 0.341340031131 0.109112384636 
537 0.43747095455 0.0754420072084 
676 0.329956370628 0.0587127281093 
751 0.325401051721 0.0581682161427 
725 0.362520683949 0.0540674603175 
550 0.447712418301 0.0710923000888 
548 0.294426199599 0.0770211234771 
785 0.358211330363 0.0511988117972 
646 0.446073885153 0.0605308241235 
577 0.331219153173 0.0710234652351 
505 0.311690558576 0.0799953314659 
551 0.374660202972 0.0756539205026 
