933 0.423078984032 0.0934670051442 
980 0.428775437344 0.0896761998266 
1189 0.330018919487 0.0779535421485 
995 0.407787708375 0.09067772143 
1350 0.382483616572 0.0642494168611 
1118 0.421047925608 0.0790282155312 
1112 0.421096382836 0.0831842563469 
895 0.46268906625 0.0951043352682 
1069 0.392127291433 0.0820027532268 
1085 0.416739601087 0.0814667879682 
1133 0.371012926281 0.0825925354039 
1219 0.356770833334 0.0746493602363 
1131 0.349969063508 0.0763855128829 
784 0.394020526551 0.112175886084 
1084 0.355406963339 0.0827299976943 
1025 0.422843567252 0.0868695175439 
963 0.469338765766 0.0888963318109 
946 0.375885119425 0.0904985071867 
1139 0.37386488265 0.0837340973898 
1240 0.428130920231 0.0730909145875 
