1066 0.330911988003 0.116049809417 
1091 0.339505748706 0.109702563633 
1027 0.372810858144 0.110993546086 
874 0.390343605283 0.130524269624 
993 0.331627006088 0.12090397612 
854 0.381401065137 0.144058104602 
959 0.366130040638 0.118074007502 
943 0.395719658844 0.122636012078 
976 0.398116394534 0.118738376755 
907 0.347729026568 0.132413736082 
799 0.379168491522 0.147307555945 
857 0.351183880562 0.139013627262 
958 0.401622665136 0.127208772479 
991 0.378793990118 0.117107408154 
999 0.315592016408 0.116767128541 
960 0.399255867201 0.126054838598 
923 0.397586449483 0.124968432635 
868 0.382386788653 0.128143161287 
984 0.373216914564 0.117195035281 
857 0.405415646497 0.132312434418 
