868 0.295458035783 0.105225790429 
958 0.277068015505 0.0952931897586 
766 0.324987502989 0.12078225859 
842 0.362172640241 0.104128033765 
715 0.26813722063 0.12573083444 
772 0.314174757282 0.110906148867 
620 0.32119819384 0.13948355104 
836 0.287454918605 0.103542127443 
824 0.347003154574 0.105729419437 
918 0.315925542916 0.100925951124 
855 0.261554192229 0.104597575226 
727 0.269190217516 0.119153114901 
928 0.292895586652 0.0926432992465 
881 0.302820629159 0.106682806829 
1107 0.276626328306 0.0785186941209 
893 0.288719125439 0.103089321692 
825 0.31042563077 0.109150581783 
944 0.278401567714 0.0943690085271 
842 0.326218184697 0.10589411887 
809 0.277383377575 0.107476734675 
