775 0.301425530543 0.126798039089 
823 0.298795076283 0.119793472608 
848 0.256263632612 0.122573500307 
710 0.289727522354 0.130633870108 
790 0.254962577286 0.120762826771 
958 0.239983010052 0.112396327787 
673 0.294171954921 0.144268523038 
665 0.275274931602 0.153067163779 
684 0.318499118295 0.143717979486 
732 0.315551351931 0.14223797498 
923 0.252533613901 0.111933514877 
932 0.240505165772 0.109394505671 
804 0.313774241671 0.127359789018 
797 0.272180073986 0.125876678341 
725 0.299122832925 0.140702373569 
638 0.343134405116 0.158200199003 
749 0.263039002631 0.132308227534 
1027 0.222314170277 0.103234678479 
654 0.274573349046 0.152683208939 
752 0.26031429521 0.142652993401 
