905 0.256517536592 0.100961405689 
916 0.218030864871 0.100842512815 
655 0.230640918103 0.131929617203 
687 0.206421768213 0.128488757816 
756 0.241023606427 0.112890960788 
818 0.230409365651 0.106424384883 
1071 0.212482501167 0.0870610709286 
677 0.275791454505 0.126688067301 
595 0.241838921099 0.13951689984 
821 0.258201959949 0.106427658409 
722 0.273731219276 0.121189763207 
732 0.280198019802 0.12219187436 
774 0.306325067803 0.117220796203 
874 0.249735502688 0.102216594704 
887 0.208495268672 0.102434662611 
808 0.249242002351 0.11249110513 
782 0.240697860109 0.110300223571 
837 0.228090860247 0.107717449705 
655 0.236414287895 0.131531684094 
615 0.285342655069 0.134699414682 
