775 0.372719654483 0.179130406756 
915 0.285369581832 0.1508488918 
683 0.328611111111 0.198552631579 
1026 0.306172959805 0.138852618758 
741 0.311404869495 0.192274229446 
847 0.302524775838 0.163045658329 
677 0.307138111759 0.2116261903 
796 0.335274552871 0.172464700345 
742 0.321514722728 0.189958560744 
654 0.322785293893 0.214356416724 
766 0.332068088437 0.183215939477 
810 0.322370205944 0.170293809348 
812 0.282017840664 0.17744078745 
764 0.263440156965 0.188247220406 
887 0.348205330479 0.152731447569 
942 0.301888794567 0.146959889644 
1032 0.289238667183 0.138185296397 
787 0.260722677335 0.174401473297 
833 0.312483511212 0.174530819043 
1035 0.301337453527 0.139382453769 
