955 0.352117690173 0.0733587246741 
832 0.37828619468 0.0827253347745 
961 0.41371672213 0.0718860492929 
857 0.353332167221 0.0846976852662 
964 0.346986827093 0.0730007260658 
1225 0.344563178073 0.0581124072111 
1204 0.40349392091 0.0584910162248 
882 0.347088808337 0.0823855913004 
1054 0.322943435589 0.0715862216111 
964 0.407202818945 0.0745206757177 
1115 0.351427930957 0.0619289396997 
1054 0.287186537094 0.067352453188 
907 0.351427626502 0.0805651251241 
1168 0.365076784874 0.0646415279976 
767 0.296859116382 0.0917657695817 
966 0.367547989859 0.0718153360584 
926 0.344317875074 0.0762457485289 
1008 0.333792556618 0.0697779870162 
913 0.36501996827 0.0770487991685 
1129 0.358284272498 0.0612124297287 
