477 0.270328111006 0.198748336349 
706 0.239915976303 0.146201484913 
944 0.193706096227 0.114069756887 
684 0.251223252757 0.147760586744 
609 0.226825266612 0.167829309739 
573 0.21132802665 0.172736808685 
766 0.213065071597 0.132488930319 
840 0.247693995137 0.125561752413 
560 0.227141100401 0.170843002499 
771 0.186426395281 0.135448980915 
752 0.244360319674 0.136547785083 
683 0.21402576725 0.156442566791 
850 0.187162351958 0.124257745899 
598 0.245645294505 0.157899917672 
775 0.206946682422 0.12684729064 
624 0.243222328957 0.154614667673 
582 0.250832641454 0.167137519785 
690 0.212110974364 0.138866337094 
600 0.284944148543 0.162323746909 
656 0.232183207657 0.148609131367 
