730 0.235115583853 0.318916729422 
658 0.267132124156 0.353728719233 
694 0.274247772735 0.323067502341 
623 0.285181621362 0.355274236228 
602 0.246150869337 0.369730768168 
514 0.267921408423 0.417764970982 
547 0.27504487238 0.410951142344 
782 0.251389155011 0.29855921739 
779 0.249310676499 0.310152826761 
742 0.247434601998 0.322386886718 
806 0.235006714182 0.292815824812 
580 0.299546641416 0.395307882127 
859 0.191322819065 0.279549554793 
658 0.220509705667 0.351931642751 
808 0.20946433356 0.285991055051 
561 0.290899113049 0.401252558512 
566 0.313088928151 0.390724381625 
575 0.24448790381 0.409101115457 
694 0.247709172904 0.345887905393 
731 0.274851403976 0.31149654984 
