831 0.336498556478 0.0646785849781 
1143 0.263641729702 0.050049945682 
968 0.325630035117 0.0562026281919 
960 0.321664757342 0.0544182502043 
999 0.258854870179 0.0579539900792 
648 0.266300994833 0.0788495648718 
768 0.340293582158 0.0699505319442 
837 0.308454257733 0.064372433371 
782 0.320255066164 0.0704154967324 
881 0.331728041307 0.0643173426098 
1049 0.256304171826 0.0514875043045 
757 0.305104599749 0.0705673920879 
926 0.334966526293 0.0590103868165 
981 0.264200346568 0.0582323491707 
640 0.314789144865 0.0824572733007 
836 0.305406980219 0.0681093095633 
871 0.281848686475 0.0604609913432 
821 0.284740398077 0.0667107179144 
866 0.339006406557 0.0647598318224 
1009 0.277648457234 0.0537806257929 
