1425 0.555042974917 0.0746460520711 
1406 0.559184326554 0.0713587276754 
1196 0.621239973262 0.0877481319233 
1497 0.619371098575 0.0695639941059 
1244 0.596477487248 0.0875005020686 
1534 0.534748468656 0.0661677775503 
1226 0.603290117417 0.0825113864039 
1435 0.586737003378 0.0735016141629 
1177 0.583955857386 0.0840892553966 
1257 0.594801527325 0.0802143823085 
1319 0.55125388287 0.0765980647885 
1310 0.588157844522 0.080302964219 
1132 0.558682026836 0.0931604368443 
1474 0.617949152543 0.0684176755448 
1386 0.564980713076 0.0736830043312 
1462 0.656961635779 0.0719933617296 
1470 0.568674780717 0.0693098038835 
1271 0.521864800032 0.0811854294591 
1338 0.601041977891 0.0792314012549 
1257 0.631359300477 0.0798347717466 
