808 0.367581602374 0.0750628034799 
1077 0.231623445908 0.0597977361292 
792 0.273169769643 0.0836304828022 
882 0.260952367467 0.0750614007085 
934 0.266431171056 0.0690150542029 
777 0.333298521851 0.0768060586586 
1006 0.231930779169 0.0667170361938 
829 0.294214763886 0.0769343059691 
882 0.349263664684 0.0729461136428 
685 0.337562896522 0.0878297302494 
910 0.24230114728 0.0739026234237 
752 0.324911907453 0.0816578624487 
713 0.262343301352 0.0855300855038 
776 0.297168899768 0.0829617190977 
898 0.316698669784 0.0719753892237 
861 0.284490767623 0.0732506519146 
691 0.281631841515 0.0905270439921 
753 0.275706280257 0.0835342951365 
863 0.231883218444 0.078105828019 
681 0.305857111421 0.0868264171829 
