966 0.270719042197 0.0845438130399 
923 0.331257895687 0.0875616615533 
965 0.334334438001 0.0867739114426 
883 0.304858948958 0.0863391200428 
919 0.293860126169 0.0840493800305 
923 0.332557132027 0.0820494422182 
1052 0.308175801906 0.0770241600963 
908 0.323615694903 0.0863532881066 
801 0.336141445658 0.0935352747444 
1176 0.304933339001 0.0671852198184 
1098 0.284941833129 0.0760631063789 
884 0.305224063496 0.0913771217063 
790 0.29709090142 0.0980484709126 
1029 0.25232706846 0.0791257237521 
776 0.37802391225 0.0956776210817 
684 0.288383358894 0.110993451642 
952 0.301282724346 0.0826654300248 
723 0.341307704718 0.105608564383 
931 0.376377558323 0.0875748413721 
1060 0.320226926281 0.0767460803881 
