838 0.316700465227 0.133782655374 
839 0.336588851834 0.140656016754 
956 0.319303747844 0.121033923998 
898 0.318789295054 0.133067657041 
918 0.347288763066 0.124820793409 
836 0.374970102846 0.138829925058 
943 0.344774220903 0.129168212494 
787 0.303122223633 0.144491422346 
813 0.311091992872 0.143916815174 
888 0.31210484869 0.135478775265 
807 0.31720123839 0.143591331269 
884 0.350474576271 0.131018126177 
839 0.285579843946 0.144181706276 
882 0.291798446976 0.128726690472 
851 0.313779134621 0.131916720484 
732 0.313967929035 0.158808142841 
897 0.329012139437 0.131891079185 
980 0.29504587156 0.121189050289 
847 0.34038109846 0.138729524315 
1167 0.28734746307 0.104567187612 
