1005 0.449157880777 0.139131191566 
1030 0.366231581672 0.134475229269 
875 0.467070430046 0.153916695235 
970 0.408524015667 0.14418805401 
1120 0.469149568838 0.134464763604 
1023 0.444097103502 0.13764714502 
1077 0.440173915735 0.138720233951 
970 0.380459414916 0.143555572724 
951 0.49589223466 0.14923800515 
1052 0.468556594964 0.131784510186 
1088 0.447276568385 0.127768209792 
1138 0.491312811956 0.123283054494 
1166 0.412596401029 0.122369323051 
1017 0.434619480626 0.137345785205 
1179 0.461702548455 0.120614722834 
1000 0.453407973876 0.139448692958 
888 0.439134676724 0.163728470112 
979 0.441704112201 0.148851102941 
873 0.341098137973 0.1579183837 
903 0.392638489341 0.15692769418 
