563 0.19475766275 0.301693043594 
556 0.205270194764 0.306174793463 
848 0.14669181945 0.211707097801 
580 0.209300546134 0.291525888784 
523 0.245905817881 0.312954024087 
566 0.183858348775 0.300957381099 
582 0.204048552113 0.276953895992 
613 0.2062134622 0.288356206223 
595 0.211040232779 0.282349022159 
607 0.246778427122 0.279750390979 
586 0.208665852527 0.305787786487 
813 0.209554653658 0.229699606445 
576 0.193202750533 0.314233247982 
636 0.225197166388 0.279142293499 
553 0.257784199805 0.291745687709 
573 0.232883079158 0.30223583878 
549 0.258797349922 0.316801319982 
720 0.215072423527 0.24600643829 
749 0.224660234464 0.251006652661 
749 0.17472915092 0.238412031479 
