1125 0.356332770421 0.0606865248342 
966 0.337699829272 0.0656291300401 
926 0.365083648138 0.0695481528725 
1300 0.334684459486 0.0530410826723 
1114 0.362857912216 0.0594925786 
1229 0.323220242454 0.0548174569715 
1095 0.369482239065 0.0593687998606 
960 0.353783657101 0.0674751788496 
1179 0.374958674183 0.0554478793787 
1157 0.325059397814 0.0551152808486 
1175 0.344260204082 0.0559958642548 
897 0.358834020734 0.0723030522593 
1093 0.343409683171 0.0606268417269 
1007 0.424332638682 0.0645704213917 
1038 0.366799826732 0.0604164570089 
893 0.439236965764 0.0677546329258 
1187 0.327385263158 0.0566708133972 
1063 0.363638928068 0.0625261785699 
945 0.354263360998 0.0687362737701 
1023 0.385724754507 0.0624930604595 
