1171 0.437723230167 0.0976485236571 
1039 0.452661441554 0.116676483788 
1070 0.439728564536 0.110340695087 
941 0.480948588621 0.118910937085 
1059 0.415793283606 0.11409549775 
820 0.448903775883 0.145145655704 
990 0.437084532405 0.119629423941 
1141 0.41580184204 0.101892396841 
1211 0.451245855176 0.102605908009 
989 0.415155647592 0.120805764601 
1189 0.453361921579 0.105355215953 
962 0.413340954757 0.130270040879 
1033 0.46955624355 0.114505732392 
910 0.471256794597 0.12670093706 
939 0.433468099443 0.120294268894 
770 0.455911606989 0.148963198409 
942 0.411305008929 0.119446065171 
1161 0.468938709354 0.102925039804 
1163 0.482133906194 0.104591836735 
1024 0.468364310454 0.115224116624 
