1388 0.542546039521 0.0471800043219 
1299 0.497640117994 0.0494464654238 
1126 0.488375878654 0.0546428211079 
1263 0.48797889878 0.0486592932291 
1464 0.421810278119 0.0464810435366 
1216 0.503974127063 0.0513629449403 
1289 0.509550765095 0.0495000211482 
1471 0.492854068991 0.0463000426224 
1219 0.417808219178 0.054925019202 
1472 0.55580829514 0.0449410502925 
1412 0.495611862128 0.0456825581171 
1250 0.503311081798 0.0526451104159 
1230 0.515448277731 0.0498441072926 
1283 0.460435578759 0.0508930816719 
1404 0.543879016654 0.0458745965406 
1174 0.480367941402 0.0549385990043 
1215 0.478947224051 0.0508464749536 
1243 0.427820677821 0.053219514157 
1138 0.542261251372 0.0553173335995 
1094 0.49746540622 0.0581918652203 
