577 0.20842234925 0.245491945262 
649 0.22300035914 0.215591811605 
580 0.274006432346 0.223712095107 
785 0.202933622026 0.185556899955 
701 0.235716152329 0.197491269332 
491 0.190075446514 0.268561030235 
562 0.217509016353 0.256442863495 
638 0.232170653866 0.2190302888 
717 0.209810339624 0.19922348353 
610 0.173577014003 0.232401800327 
535 0.238743509865 0.24566588785 
584 0.202666362591 0.23346446592 
494 0.221503347261 0.264708855641 
696 0.219152193675 0.197730371753 
571 0.224719647057 0.235888577926 
684 0.216948602491 0.195728368018 
829 0.20892882269 0.177299041187 
558 0.239429475129 0.243930713454 
571 0.231465282637 0.240690605318 
616 0.216843698478 0.221803291981 
