877 0.249278499279 0.0734506721349 
670 0.278896846712 0.0919255785247 
727 0.249150847626 0.0875352064299 
856 0.211363297483 0.0764497769574 
958 0.267699692179 0.0728406304397 
786 0.254849639983 0.0810225828809 
980 0.231379544682 0.0671051107405 
754 0.269148896991 0.0874129930395 
805 0.265355503164 0.078481567756 
601 0.234948604993 0.101535994136 
588 0.238588448369 0.106584136638 
660 0.247366915674 0.094684351082 
907 0.24375917768 0.0704220064077 
745 0.226438708236 0.0882005607534 
821 0.255274818197 0.0760633734607 
884 0.238465985497 0.0762652826192 
902 0.262969731652 0.0747884225206 
738 0.248473500572 0.0840521484471 
1003 0.238627369586 0.0623672591419 
869 0.238710336853 0.0749779169259 
