897 0.248949053452 0.0791585467706 
785 0.28952977857 0.0920113260372 
723 0.321286563861 0.0911244035682 
965 0.267004247824 0.0738085370908 
778 0.305255718324 0.0892379850938 
855 0.284699900649 0.0835208345509 
920 0.27175241769 0.0794177170488 
802 0.313473762932 0.0907578212639 
953 0.204787373499 0.0755545068429 
883 0.238091197104 0.0823913781399 
743 0.273950837313 0.0887753043245 
914 0.239749617319 0.0830486004811 
852 0.296456415968 0.0801644293335 
869 0.28155353756 0.0800692568539 
889 0.276069180623 0.0848361807351 
837 0.262754340951 0.0856435348171 
807 0.27781302222 0.0868276907842 
891 0.266361953901 0.0779954853906 
605 0.277796120512 0.105715022699 
682 0.331411101347 0.103701669596 
