1159 0.538894398689 0.12162261222 
1112 0.583382002786 0.122059616335 
1194 0.597706921081 0.117962800234 
958 0.617252712855 0.147368009182 
875 0.586918023422 0.157824907169 
1173 0.555763903686 0.119588749201 
1144 0.567646673365 0.123249311957 
1517 0.574682918794 0.0941607642893 
1439 0.572381448671 0.100239708181 
1400 0.56619668035 0.0998197394254 
1270 0.594221154982 0.111108924143 
1138 0.564959592411 0.126555911806 
1074 0.632148341166 0.129337862361 
849 0.558182674754 0.168804840704 
1471 0.576388416831 0.0952161647747 
1247 0.595746813117 0.119009059569 
997 0.612865233298 0.142293138876 
1480 0.588688164782 0.0960357926727 
1235 0.558116475778 0.114361163948 
1224 0.622341077043 0.116593516515 
