732 0.270625389894 0.108991198144 
1040 0.245202865927 0.0739001515928 
950 0.28868264823 0.0876855748437 
684 0.304512102203 0.109995900408 
891 0.277503644724 0.0902100233013 
659 0.293389771792 0.111027963019 
1029 0.293633827061 0.080365529751 
968 0.247740442033 0.0868568021009 
861 0.276209811071 0.0925592936324 
610 0.283574935703 0.122234724495 
830 0.29594661989 0.0901950162514 
841 0.284840204348 0.0976537232849 
782 0.28798591408 0.101876095394 
758 0.338219510817 0.102851368569 
787 0.271296178748 0.0955383465223 
1020 0.309985586947 0.077741861756 
807 0.31624627308 0.0958442572752 
832 0.313411954544 0.0958286603114 
1015 0.227968163346 0.0789666524483 
851 0.322805664316 0.093933199001 
