978 0.203840891932 0.0828493900328 
804 0.261164612889 0.101322011667 
818 0.273234944869 0.0972340966921 
727 0.244916185765 0.106104584593 
688 0.272890759827 0.110672610119 
993 0.246842735215 0.0823223933689 
764 0.233294826246 0.105935358951 
727 0.25112669386 0.11292336954 
747 0.209897179876 0.106122403495 
694 0.275557156004 0.11122114192 
759 0.236303022328 0.102644171017 
763 0.252014252472 0.102423283886 
798 0.279840286038 0.0999907830576 
950 0.223233545536 0.0913084653023 
711 0.231803995006 0.115308988764 
742 0.266150218929 0.101032895475 
688 0.221552489309 0.116248083596 
611 0.25616501812 0.124776333597 
630 0.261848769102 0.128655260492 
755 0.225259411241 0.10185062619 
