759 0.644817374136 0.0650851431392 
828 0.510530444753 0.0541193953292 
733 0.636298568507 0.0596487304022 
843 0.56413674606 0.0525323275862 
999 0.4744 0.047046875 
607 0.511476758536 0.0728378239408 
737 0.60194602658 0.0575141544616 
825 0.563533902927 0.0595138005211 
608 0.646901709402 0.068048621384 
862 0.563989562192 0.0500036242389 
660 0.599810677774 0.071944812571 
744 0.54187655316 0.0585163543556 
757 0.547427440633 0.0638872856201 
714 0.614173779208 0.0647387015531 
633 0.621220494198 0.0735128680824 
959 0.546567988743 0.0466624537447 
541 0.591773612778 0.0855501569569 
951 0.517331932773 0.0458426339286 
674 0.547091515376 0.0677519451649 
676 0.536271537381 0.0662852177771 
873 0.613026052104 0.0504509018036 
742 0.638133081897 0.06126035493 
933 0.524994642092 0.0488674721389 
638 0.577164120642 0.0712899040345 
