460 0.366958269941 0.0986826912628 
545 0.289178420956 0.0811961897784 
489 0.374502195446 0.0894484580823 
494 0.358320687911 0.0909300708144 
470 0.44329540621 0.0935472937048 
448 0.344084522748 0.0983183262712 
566 0.394171373103 0.0809309367279 
594 0.407246864742 0.0737614152849 
562 0.355578750999 0.0882450919428 
612 0.439622795559 0.0738985446604 
569 0.337723919916 0.0774609237794 
634 0.310521341944 0.0769289455032 
605 0.389663997358 0.0770298439693 
632 0.326754385965 0.072758613877 
504 0.377241652631 0.0906181883484 
474 0.317112327613 0.09027266028 
585 0.284484232117 0.0742324373985 
529 0.362253095171 0.0868109701351 
589 0.406740144129 0.0797080330649 
551 0.368096490433 0.0827245057586 
525 0.305608410237 0.0830038174294 
