424 0.215978350394 0.102944096364 
554 0.220054102795 0.0851978133454 
416 0.35102628736 0.100366852719 
506 0.395324060373 0.0857594702575 
536 0.274103065884 0.0800921395956 
556 0.366049271714 0.0785155547563 
511 0.290293542074 0.0897214408023 
552 0.304135372364 0.0878201067777 
418 0.308317399618 0.101168513982 
559 0.233121702584 0.0811415765 
539 0.404243491152 0.0837854975447 
754 0.28791892966 0.0706302159227 
652 0.358261802575 0.0761227774372 
501 0.26624763045 0.082541404769 
547 0.267104662834 0.0797175837211 
537 0.307055100521 0.0873394452718 
509 0.33740922473 0.0854483562316 
629 0.253359809373 0.0795820095314 
590 0.305619498984 0.0781104540454 
507 0.327260179434 0.0867947722567 
515 0.371789146685 0.0823691267838 
