660 0.415852827618 0.0768297183739 
791 0.335627683759 0.0689212869412 
544 0.373457073724 0.0865742442341 
611 0.493604952412 0.0771636975374 
587 0.370830496937 0.080885168482 
613 0.428400792681 0.0847712558026 
699 0.472105150368 0.0706199996428 
892 0.481184753581 0.0546179057651 
906 0.43006305263 0.0549481608118 
597 0.422432304303 0.0895957081904 
727 0.44544537661 0.0726795660845 
618 0.44558510495 0.0768960674157 
696 0.449176481854 0.0705436656133 
784 0.492658464546 0.0578116035571 
604 0.440637757917 0.0863861821417 
883 0.427838454719 0.0549204912003 
892 0.440784313726 0.0594485294118 
709 0.484980961783 0.0756086059794 
747 0.370008695071 0.0647030298977 
881 0.397318051143 0.0565564003632 
690 0.362818192786 0.070256514658 
678 0.415069772013 0.0719892393868 
739 0.501826545799 0.065382517589 
705 0.475464833322 0.0689143454533 
671 0.497692422212 0.0701089586125 
540 0.512744553478 0.08718582207 
868 0.375896727663 0.060075958108 
628 0.449537147556 0.0733481041617 
834 0.501647397113 0.0572648340622 
884 0.420980259192 0.0557064449593 
608 0.500822233185 0.0796988057063 
585 0.388628020149 0.080483490566 
670 0.383383010432 0.0748043964233 
728 0.441926475301 0.0667168829831 
712 0.424784765113 0.070595434447 
648 0.461132968192 0.0754430880198 
818 0.420352720756 0.0591779692082 
780 0.352806781543 0.0636610402921 
832 0.352666866807 0.059193935755 
559 0.489103251161 0.088434206413 
585 0.458774325708 0.0905332451349 
629 0.480529100529 0.0752740575397 
701 0.354315179166 0.0683254027659 
663 0.456247486932 0.0724599950995 
641 0.46289082788 0.0721067700218 
815 0.46192343833 0.0635542422478 
