760 0.609526938239 0.0623583278581 
802 0.563660147004 0.062727746979 
731 0.619072024054 0.0711592011754 
858 0.576017941399 0.0599860925031 
764 0.662777777778 0.0595363562092 
808 0.495330859617 0.0606466450217 
702 0.602364167201 0.0668059709464 
819 0.567016281481 0.0581228276115 
873 0.528141998283 0.0556291153736 
607 0.639216009224 0.0808233138434 
950 0.523823297397 0.0535794109913 
694 0.558971774194 0.0786999117944 
947 0.549984165523 0.0553052095429 
654 0.529622843182 0.0791843220339 
845 0.54977228367 0.0613817501627 
698 0.586099585062 0.0727851355702 
727 0.509382733022 0.0684716112181 
763 0.595423595653 0.0696731373576 
1079 0.551602000185 0.0506065376424 
733 0.648953575568 0.0642000136342 
797 0.651824909068 0.0651819029851 
941 0.636438428875 0.0502239251593 
729 0.519496984649 0.0680873937774 
915 0.557679702862 0.0550476567621 
