602 0.485772357724 0.0815691368011 
703 0.406389935319 0.0678641872201 
802 0.407806170147 0.0670234107199 
531 0.326246472248 0.0920478598307 
869 0.338815411156 0.0575097038528 
774 0.361433733385 0.0647543231385 
467 0.385611818863 0.0965434642972 
566 0.389992057188 0.0862098446739 
631 0.297222442035 0.0802009970721 
638 0.411410999687 0.0783147426356 
673 0.39662462908 0.0777042377597 
540 0.342304846467 0.0878436575102 
535 0.367895473635 0.0916836794214 
555 0.415871873313 0.0845442684902 
543 0.224944781888 0.0881491004049 
526 0.344408581735 0.0950760632238 
656 0.392202009438 0.0803477983712 
560 0.2325871756 0.0855285160082 
562 0.260292548462 0.079818657745 
553 0.436608271627 0.0818965030703 
538 0.386865546998 0.0876533938016 
510 0.304633979252 0.0918614821883 
589 0.362351443124 0.0839585101868 
646 0.378191242457 0.0743160587189 
586 0.457750383894 0.0833142275209 
697 0.331032628182 0.0696284510577 
651 0.415400843882 0.0788538070579 
589 0.332068351425 0.082749427578 
787 0.402145623056 0.0696097568717 
547 0.408297541808 0.0864550968656 
630 0.321516328472 0.0766945248098 
561 0.31797542735 0.0854770410435 
646 0.391713711237 0.0707384386358 
617 0.399716713881 0.0876871711858 
558 0.298916450255 0.0841262201128 
462 0.321277975997 0.105979362634 
724 0.392294946148 0.0692531413974 
500 0.401162790698 0.0918847938916 
543 0.436493327197 0.0973466981132 
657 0.361005548377 0.0742404233488 
613 0.406140565193 0.0802513437576 
644 0.396027131783 0.0786543120155 
543 0.357067219153 0.0894164364641 
533 0.400946047209 0.0873630104908 
