739 0.416768141433 0.0758862129617 
695 0.486877394636 0.0749854076868 
659 0.389103584148 0.078848412518 
690 0.468467815926 0.0780208786035 
716 0.456188084275 0.0762598977955 
770 0.496517412935 0.0669380678131 
732 0.501660978385 0.0779756825939 
614 0.446126712793 0.0852487789988 
748 0.44811698718 0.0768083099626 
656 0.452912066997 0.0792669870575 
573 0.501118763258 0.0928741500305 
647 0.422640635852 0.077501639787 
678 0.508682730332 0.0754273819173 
666 0.495909329731 0.0812434324101 
576 0.362364099005 0.0966383479355 
793 0.468560391342 0.0700039758771 
802 0.500062289772 0.0656835913168 
521 0.460102898412 0.104969561883 
713 0.480619611691 0.0764876988856 
656 0.434920634921 0.0782 
679 0.462508897234 0.0745423293572 
