749 0.280480160053 0.0705839446482 
778 0.224158314058 0.0716436969931 
426 0.323257451302 0.11447026813 
502 0.361205610266 0.0999530612752 
564 0.355522097246 0.0945747719423 
468 0.338013442868 0.116334818095 
490 0.278842233999 0.109058104872 
558 0.319093677234 0.0926893023464 
498 0.358820579681 0.106029360144 
564 0.300371813031 0.0911467554887 
544 0.363042480962 0.0978974561886 
634 0.317165354331 0.0838090551181 
552 0.3335204636 0.10234063745 
529 0.298601662887 0.101862185847 
525 0.257547797964 0.108346511462 
661 0.305275090689 0.0860626700423 
696 0.249569336779 0.0754064384152 
582 0.310546204054 0.0949268400034 
591 0.341253065021 0.0851375560159 
795 0.363260432378 0.0728027589241 
688 0.347865853659 0.0812418336237 
621 0.338136206481 0.0936821580767 
534 0.313611683205 0.094411158959 
553 0.351427538851 0.0962176996747 
584 0.341881950385 0.0867047155689 
