683 0.520017565688 0.0815683781015 
940 0.504441253125 0.0593934498165 
936 0.55189434365 0.053905416222 
691 0.586639208035 0.085464990245 
873 0.586344116805 0.0621958202119 
712 0.631540187965 0.0784844473278 
917 0.545920313948 0.0584274677059 
855 0.596130239084 0.0639906178757 
762 0.609558485863 0.0713626746704 
537 0.592671812517 0.104704791686 
893 0.545513071713 0.0587474808263 
787 0.633646700121 0.0672679921235 
885 0.56697361731 0.0646944381674 
942 0.60688338548 0.059141664899 
984 0.57734497994 0.0519955182571 
877 0.456514305255 0.0645375014249 
1013 0.543581264499 0.052758378165 
654 0.582690103172 0.0854449273978 
918 0.652162073848 0.0600952374469 
949 0.648113058582 0.0541845952419 
