964 0.360460294423 0.0594142001866 
1098 0.418575353278 0.0555829083375 
971 0.455982289951 0.0604632156096 
977 0.450155125976 0.063393359415 
756 0.495835536753 0.0765560963115 
680 0.458085517782 0.0851670919304 
787 0.38217369223 0.0701617254952 
621 0.483291797304 0.0920931646435 
867 0.454496561792 0.06902407226 
907 0.459233142354 0.0643300325033 
846 0.482013113592 0.0696013497549 
770 0.417537031031 0.079896813169 
635 0.489121591476 0.0879827375797 
1017 0.369720501983 0.05958941561 
825 0.455406169251 0.0706910125969 
654 0.46114464736 0.0879104741347 
652 0.440706110771 0.0902700605457 
800 0.380598413393 0.0756771581611 
879 0.454223283492 0.0688072090511 
743 0.411318893224 0.0738955502489 
