517 0.364763608237 0.111847988978 
713 0.443498072205 0.081395679986 
572 0.392804154303 0.0979923961424 
641 0.40814497272 0.0875889029618 
709 0.329176354541 0.0789451666315 
808 0.332755847049 0.077618410469 
634 0.424854123955 0.0927840640278 
687 0.381816198924 0.0865725425331 
665 0.341740534856 0.0843705397386 
795 0.324223661051 0.0738916740005 
732 0.34793744024 0.0750089639394 
828 0.386161927187 0.0759977057297 
561 0.41714870517 0.108996785174 
716 0.368822420774 0.0803325247801 
807 0.39499349805 0.0780669468698 
554 0.348213480105 0.102974431562 
687 0.386077789895 0.0883485550709 
632 0.376698262243 0.0948842318326 
778 0.350061003018 0.0760651448019 
572 0.434052967398 0.0951047766804 
