517 0.375901750314 0.102711597041 
637 0.347704622146 0.0881378501923 
592 0.281227863046 0.0989706316411 
640 0.345568137446 0.0953509371339 
633 0.43550753214 0.0903758182822 
691 0.385445601852 0.08415278682 
603 0.326789264414 0.0979526486912 
821 0.314197042536 0.0757469725553 
613 0.308840319687 0.0961112073887 
598 0.336697860963 0.101875835562 
513 0.253795926323 0.113101184095 
930 0.286820038701 0.0617793888411 
525 0.32485021398 0.103573763671 
560 0.308204030676 0.107191624309 
703 0.263810741688 0.0831512858767 
640 0.324574551132 0.0902163836846 
559 0.276343797514 0.0999924537161 
723 0.355363560962 0.0795527197954 
627 0.340055754679 0.100326065313 
775 0.311116839595 0.080570906103 
