845 0.563361533456 0.0690779743241 
769 0.604191033139 0.0780183966862 
927 0.570269541779 0.0611674528302 
1131 0.52671705118 0.0521399606647 
929 0.592821782178 0.0604140322321 
1073 0.620231940757 0.0570187695031 
958 0.523024771839 0.0610853976532 
1004 0.601617720259 0.0593827775013 
973 0.626065304446 0.0582676609508 
924 0.641520657582 0.0595755934999 
1182 0.507694258899 0.0484814936163 
893 0.605821438567 0.0655025538763 
1107 0.604308748476 0.0579369156768 
844 0.625 0.0723285097065 
867 0.618386167147 0.0658888688761 
885 0.508610468071 0.0643261955847 
931 0.632573115106 0.0601212436276 
1027 0.54093652648 0.0595551012461 
957 0.6504413224 0.0594757011543 
1185 0.586759434957 0.0479100780097 
