921 0.265477029886 0.0725358653794 
577 0.349043704024 0.104145932497 
502 0.332518142957 0.118415411572 
545 0.359688073394 0.106475057339 
649 0.340688274694 0.101788051428 
566 0.338947740113 0.101568017302 
577 0.309512680689 0.10704335454 
722 0.362346917595 0.0864072337923 
658 0.316438979964 0.0942954993929 
626 0.329406130268 0.0982349537037 
591 0.328765964645 0.101071534298 
568 0.377922535211 0.107087643046 
705 0.35308711987 0.0892198908344 
619 0.377241935484 0.0922139616936 
569 0.359332748025 0.101401997366 
687 0.354585788057 0.0902326987417 
582 0.370851940914 0.104780358983 
637 0.294704636385 0.0946006903585 
696 0.315827234897 0.0937410317119 
803 0.298723775135 0.0783049554878 
