877 0.494589977221 0.0715956007973 
940 0.399277326107 0.0650472926298 
928 0.492031014431 0.0669127248008 
842 0.466374008819 0.0723762754346 
1034 0.408078465478 0.0623927984732 
784 0.421105164798 0.0810865427498 
868 0.465684582039 0.0705579612154 
961 0.41342835839 0.0650083883889 
588 0.399496064776 0.105693689485 
947 0.443523990432 0.0653262188688 
939 0.446312056738 0.0677052859043 
830 0.436635551541 0.0779151610961 
629 0.435171938749 0.0891253377842 
969 0.438864253549 0.0663929565845 
645 0.42010475527 0.091866872436 
932 0.357702209826 0.0717355449475 
809 0.461503623189 0.0825291810771 
855 0.464477042059 0.07696803226 
1028 0.393688919143 0.0614318447027 
732 0.416973666257 0.0929355983081 
