1106 0.637746338818 0.0607139023233 
1031 0.576170171528 0.066591360597 
1253 0.631464571953 0.0571880358069 
1165 0.659798456261 0.0551323970841 
1001 0.566778171651 0.0685162763993 
1101 0.544175704497 0.062750998321 
1064 0.524933089168 0.061951213786 
1009 0.681190275784 0.0641308115067 
981 0.578487334998 0.0669818052087 
1014 0.653529527753 0.0645773254954 
1184 0.553777289811 0.0556973417508 
923 0.547907757268 0.0759791317058 
1221 0.698968312454 0.0546184137804 
1110 0.637849520465 0.0592826950786 
1101 0.498978294433 0.0648130278812 
971 0.636190476191 0.067968951094 
978 0.532102359792 0.0707075543978 
1070 0.593427383566 0.064061989069 
973 0.555837954406 0.067915318854 
1026 0.529103750609 0.0648928397467 
