728 0.323420023331 0.0971188156179 
526 0.355726495726 0.116763117284 
778 0.264710037891 0.0858627416351 
607 0.358096649378 0.114948649872 
696 0.255279413877 0.0925019752909 
583 0.322205075446 0.11730672368 
657 0.382741579868 0.0988130084392 
763 0.330666492078 0.0909889763651 
883 0.370457116995 0.0804577888097 
589 0.29779623665 0.111372160536 
720 0.341472895121 0.08814400118 
811 0.323217144969 0.0834019737653 
784 0.389815168898 0.0834876912046 
857 0.303003090559 0.0813914076623 
526 0.332858093337 0.116426373444 
684 0.383574244415 0.0958750821288 
813 0.249870896348 0.0826474701832 
879 0.350716071835 0.0776010883156 
836 0.283374185449 0.0836708614815 
907 0.294091084311 0.0725518338015 
