928 0.334621803499 0.0780703230148 
605 0.289669966997 0.11875902434 
543 0.333640213589 0.137066148039 
750 0.371285876007 0.0902518812013 
904 0.312004423556 0.0815368399226 
817 0.383774854696 0.0841570434384 
650 0.298386848978 0.107287745814 
892 0.288729473743 0.0780680799193 
852 0.274598146193 0.0836981549924 
607 0.266430688179 0.115655612035 
839 0.294301875558 0.0835590949688 
963 0.27357873423 0.0743114324283 
668 0.354508748318 0.101092838717 
600 0.3530126498 0.111464661701 
738 0.336564234466 0.0963908301747 
953 0.34256948086 0.0779726009439 
601 0.331248440489 0.1151568868 
770 0.3111831863 0.0926999545927 
847 0.40370567062 0.0854741989733 
841 0.345843230404 0.0873571110452 
