1228 0.587320963542 0.059632619222 
1296 0.537069164932 0.0575037107719 
1104 0.615309726499 0.071212472831 
1379 0.655453655708 0.0521775428644 
1045 0.511786363202 0.0710364468777 
1151 0.616822227046 0.0666675710875 
1302 0.618287205866 0.0616399082569 
1448 0.576289620883 0.0547074615013 
1087 0.641799282495 0.071221598749 
971 0.61310994441 0.0782199016883 
1174 0.560246861034 0.0659781336455 
1114 0.620328413119 0.0684222037777 
1288 0.643680167598 0.0570788960661 
1160 0.585093087399 0.0678641074815 
989 0.579862515164 0.0746554981298 
1123 0.576325513066 0.0678295975605 
1165 0.62649568984 0.0632197002188 
1350 0.603849713123 0.0565334073663 
1304 0.624343693711 0.0630491175795 
1207 0.557060041408 0.0652613871636 
