850 0.321542803387 0.093095896049 
937 0.329207788744 0.0861746465725 
873 0.306510908779 0.0902407948234 
754 0.28811402055 0.0983054358635 
714 0.344271015609 0.101798181914 
889 0.33641780976 0.0874817292557 
967 0.299328512397 0.0813097236571 
810 0.344025661588 0.0899524242798 
952 0.335153296934 0.0819295332844 
647 0.410403642819 0.107378009956 
630 0.333518489129 0.120982780511 
755 0.309703022687 0.0990392883127 
942 0.32453070315 0.0769766146994 
919 0.225134591332 0.0816061912013 
827 0.328612000725 0.088968744335 
686 0.308765027322 0.11095514572 
830 0.307810807558 0.0914200716091 
1003 0.302664740748 0.0763155600937 
878 0.300017067759 0.0856925954373 
886 0.357751085547 0.0846109654317 
