951 0.373337538769 0.0860446893235 
906 0.351735555433 0.0939603912588 
668 0.345088651156 0.113300245006 
881 0.344225863144 0.0886051505188 
675 0.38700799053 0.112669706274 
1013 0.331398677327 0.0785121162768 
717 0.287197714126 0.104591347829 
979 0.364555152876 0.0799920882038 
954 0.401833420639 0.0767270167627 
800 0.318947631546 0.0979399059493 
788 0.347692112605 0.100577764393 
980 0.336668706651 0.0889560383517 
960 0.369721571689 0.0867526997138 
842 0.361340450771 0.103236209964 
1071 0.304123903714 0.0757458247808 
738 0.395261305172 0.10128960195 
947 0.315648915396 0.0894419301209 
756 0.386591809776 0.0998875082563 
1077 0.334177567493 0.0766754221171 
1050 0.317619614378 0.0770932516068 
