914 0.386033030734 0.0827032976048 
906 0.334142037936 0.0889184494928 
1018 0.409199155455 0.075712891584 
812 0.361117951244 0.0971714556144 
1051 0.35320839081 0.0811224611141 
1038 0.356266243142 0.0751094908076 
1101 0.381951064506 0.0737238413001 
1042 0.389327352109 0.0773596051433 
955 0.360935293195 0.0834842679291 
769 0.374228043945 0.0975539150361 
844 0.361361213127 0.0924486879517 
1103 0.409445250182 0.0741960886512 
1003 0.416508869843 0.0765895953758 
823 0.421230797256 0.0938989540956 
724 0.382360046939 0.107596465797 
831 0.357776241433 0.09335171937 
1084 0.332176619783 0.075985704404 
909 0.414453060551 0.0889592957708 
1054 0.38613086771 0.0788132705074 
960 0.396815270038 0.0880431032238 
