1050 0.383168316832 0.0843064249334 
872 0.343783659906 0.0985268419847 
815 0.376474193944 0.106968133199 
929 0.405648805681 0.0902110904885 
941 0.339429360821 0.0922930171086 
1073 0.307819121688 0.0757113584502 
811 0.304355862239 0.10155528002 
923 0.334448776262 0.0995387291532 
1042 0.313491226388 0.0800344891649 
859 0.360714701432 0.0956169610639 
931 0.367643271088 0.0913646638227 
988 0.3510567297 0.0835903529174 
771 0.322180451128 0.106317450415 
935 0.338316858135 0.0860623163238 
1099 0.340510069555 0.0810437218712 
823 0.295401251443 0.102925095681 
945 0.360896927389 0.0869939579037 
905 0.358833922262 0.0900145621688 
1000 0.348280687725 0.0869777089165 
752 0.317971553901 0.111353308188 
