1000 0.501607609909 0.0837037395672 
1140 0.522754849934 0.0746760010526 
1025 0.502323842954 0.0826954953199 
1145 0.509539401878 0.0722631521502 
1231 0.450225417327 0.070302028756 
1125 0.471801253278 0.0780979178704 
1074 0.409936538969 0.0780442675604 
1166 0.447934073154 0.0744046981448 
1041 0.498735554916 0.0838007478633 
1056 0.408525334721 0.0805370913564 
1050 0.506441990353 0.0801398574353 
1224 0.478115853244 0.0685789769247 
1235 0.44493463391 0.068371311774 
1208 0.505246032731 0.0705577615089 
1069 0.427603290335 0.0796198763788 
1215 0.452926417966 0.0682093941513 
1013 0.480185559888 0.0866334266891 
1223 0.48240199485 0.070229785799 
1121 0.515352734079 0.0714040008468 
1249 0.466309147424 0.0685756593429 
