1520 0.575758074064 0.0606993685457 
1402 0.61049103163 0.0650674856471 
1116 0.576883477327 0.0800030216214 
1356 0.562776385613 0.0668024027123 
1240 0.603438545572 0.0701257457573 
1283 0.647942483049 0.0689906281662 
1610 0.591830714774 0.057538773831 
1272 0.625996935528 0.0692900885947 
1080 0.612201444177 0.0802296449732 
1376 0.638190863534 0.0646419266105 
1424 0.640759324889 0.0629495771782 
1312 0.586441388244 0.0687169035011 
1182 0.611672444407 0.0791634078803 
1540 0.570665757782 0.0604773265817 
1174 0.542275107497 0.0753936683129 
1294 0.621466089912 0.0691164259231 
1249 0.577952472396 0.0684803318531 
1354 0.535442664107 0.0643494332866 
1340 0.604462020594 0.065101057678 
1356 0.649832270432 0.0657762561286 
