947 0.393707438104 0.0929969183868 
1188 0.354525181975 0.0739944040056 
1041 0.364093637455 0.0834363745499 
1058 0.419091596202 0.0853333589211 
1089 0.412368650484 0.0848258328363 
1153 0.386873808286 0.0761640882302 
1046 0.409670487106 0.088495403534 
947 0.388789237668 0.0894767211818 
1225 0.391512320496 0.073741942722 
857 0.389577620909 0.0965293375533 
1141 0.389492356883 0.0792631181289 
1012 0.421157265633 0.0842049046726 
861 0.401210379659 0.102031449553 
980 0.341330953595 0.0872020015299 
994 0.372742819778 0.0901991851517 
1016 0.397199134412 0.0866871280677 
1068 0.402489820752 0.0830983525998 
1026 0.379243169532 0.0887108556958 
901 0.382554335773 0.0953423015081 
1047 0.407221293865 0.0877596084985 
