1169 0.473472703177 0.074990781711 
1217 0.43454458359 0.0725749332786 
1237 0.468748316907 0.0705195205203 
1148 0.468906880242 0.0768110146253 
1183 0.411695955841 0.0743151191281 
1089 0.462658711948 0.0811453074805 
1120 0.454054777411 0.0828003724686 
1067 0.506846534576 0.0842325752963 
896 0.462139389543 0.102873374812 
1163 0.486901846203 0.0744894835217 
1339 0.442478756889 0.0673934189901 
1050 0.442815667984 0.0896821902813 
1224 0.461836893046 0.0740762955855 
987 0.487297648588 0.0887500316504 
1209 0.485596537656 0.0711071886372 
1019 0.493184938223 0.0876964233183 
1060 0.454119717757 0.0847113526001 
1090 0.463417988448 0.079511007839 
1113 0.561514620671 0.0769346842295 
961 0.411625086625 0.0907922946986 
