1339 0.429472584077 0.0684045015117 
1109 0.405676252291 0.0845592378077 
1296 0.470300785721 0.0694116257089 
1258 0.458988615303 0.0725333846307 
1259 0.485168566096 0.0731749841163 
1137 0.482609587436 0.0808802522856 
950 0.4613563424 0.0974369640133 
1094 0.515581944127 0.0835436172643 
1283 0.49262490911 0.0714354403631 
1106 0.506305654749 0.0862450843015 
1224 0.476779469595 0.0739880138385 
1409 0.452578562815 0.0661100322764 
1300 0.461125421296 0.073924853908 
1275 0.440634348343 0.0722802445429 
1152 0.527888676735 0.0815722096859 
1188 0.462024961436 0.0770048906185 
1273 0.467498985775 0.0732978190884 
1135 0.423688767574 0.0802960178745 
1149 0.469148689399 0.0811097338205 
1281 0.516776602527 0.0709177774092 
