929 0.340311827957 0.101221438172 
934 0.364912280702 0.101236561297 
1159 0.366351753592 0.0778951512015 
736 0.32414495114 0.128009212134 
1020 0.284717526582 0.0893524303004 
1224 0.318729329141 0.0723824568209 
910 0.352015376167 0.099912479407 
959 0.325138150349 0.0999292956939 
998 0.38671472193 0.0910077839516 
1153 0.372965242264 0.0799147579527 
947 0.334057818105 0.0975738222727 
1155 0.329006014973 0.0786571249297 
897 0.363638390369 0.104024425928 
968 0.392916516083 0.0953343616088 
874 0.373081761006 0.104389115209 
959 0.339537307211 0.0911610306378 
935 0.411314706982 0.0959277672419 
1056 0.342688121155 0.0873240061524 
961 0.323368180163 0.0984910542467 
982 0.403998372164 0.090846442924 
