1667 0.592192840439 0.0594381483481 
1340 0.559126347596 0.0735861901743 
1717 0.632838427948 0.0535234716158 
1275 0.594200909661 0.0718183912328 
1881 0.578481651742 0.0477390189462 
1498 0.593462308206 0.0637800200134 
1579 0.612720422959 0.0623832589357 
1921 0.612873012982 0.0487632359446 
1533 0.607223181981 0.0619275400111 
1367 0.581276284513 0.0667958036204 
1511 0.587449138245 0.0631016573489 
1536 0.567017018646 0.0611973658521 
1501 0.648739971371 0.0621681397517 
1599 0.636725954175 0.0597052686694 
1441 0.580890769711 0.0633498387041 
1333 0.604965124128 0.0693087639691 
1465 0.590941658137 0.0650076765609 
1646 0.554095920785 0.0572291786897 
1498 0.584273224773 0.06226850307 
1176 0.620187813377 0.0760276355486 
