1002 0.379346036814 0.0936502344491 
1205 0.407955299387 0.0786549904628 
1130 0.407117595049 0.0878605769231 
1125 0.380291387199 0.0805048749612 
1101 0.436686028044 0.0785546750919 
1117 0.391328173929 0.082738967299 
1173 0.412930446642 0.0785365346915 
1022 0.397342168321 0.0958313976234 
1083 0.403501083999 0.0882716280733 
1020 0.44859927515 0.0912009317759 
1046 0.382216593386 0.0887004755305 
1241 0.377069653144 0.0808322926319 
1074 0.378106095859 0.0883485051187 
1065 0.41145955589 0.0838847061171 
1163 0.43927221172 0.0829287678296 
1288 0.375421854998 0.0746659102371 
1027 0.41013533249 0.0892515942947 
978 0.412217055848 0.0993138763988 
1008 0.352238916989 0.0894621516414 
1185 0.35782080486 0.0802671264659 
