1531 0.643943845903 0.0622408586354 
1485 0.584281386739 0.0654493436554 
1436 0.592913577669 0.0671574257771 
1318 0.566766535194 0.0721257774576 
1441 0.650974814404 0.0690825990426 
1680 0.617681185291 0.061024522492 
1605 0.600432806078 0.0621896017562 
1507 0.567412935324 0.0642972636816 
1732 0.612823176362 0.0558876890005 
1381 0.614506440874 0.0727792779346 
1882 0.662439581452 0.051307215037 
1680 0.596137824328 0.0561845393954 
1499 0.625942232006 0.0661344723501 
1626 0.621423522542 0.0634546236824 
1337 0.570822588482 0.0723513940278 
1745 0.559370344907 0.056689190157 
1577 0.591614906832 0.0599489795919 
1502 0.56698612359 0.0675736664338 
1386 0.565398485395 0.0703378561126 
1735 0.662358805901 0.056765790687 
