892 0.351769713262 0.104072160618 
1134 0.386465038357 0.0843524049908 
927 0.420933491431 0.09913630484 
815 0.304651020283 0.110623544641 
1017 0.355704104203 0.0923353403785 
1067 0.342746089726 0.0926004788331 
1069 0.354554376782 0.0932884867038 
919 0.35667536421 0.102696408187 
1113 0.341565264245 0.0893749158098 
995 0.356290792248 0.097261271212 
897 0.350509834513 0.105363187441 
1067 0.360286677909 0.0904819830898 
1094 0.355943512637 0.088450025136 
1239 0.334941314081 0.0808796837818 
975 0.329780692765 0.104676931748 
982 0.335563362354 0.0954245901431 
1213 0.320385550109 0.0803847262842 
1089 0.323807775279 0.0912183871116 
1271 0.295699685535 0.0829304245284 
1055 0.275263008246 0.0916041725903 
