989 0.322998434106 0.100496603021 
1142 0.370979602556 0.0870776065833 
1049 0.31279535061 0.10163246713 
1115 0.394291347404 0.0875502699736 
1273 0.376579122993 0.0830922692655 
996 0.348061587843 0.100685998546 
1054 0.349879060944 0.0954292150819 
913 0.334654766468 0.11196048705 
1228 0.297985429979 0.0826698648814 
1327 0.325521500113 0.0761234844492 
1183 0.350623020064 0.0839902323126 
1107 0.367011333364 0.0958157425385 
1036 0.335651251387 0.0978775859575 
939 0.362052264623 0.104180803928 
1076 0.392495936847 0.0954761144649 
1090 0.333097880929 0.0930576896615 
935 0.365754595981 0.103615828078 
928 0.354964462632 0.103751615335 
1073 0.311562281723 0.0947482537835 
1144 0.307354804877 0.0867893195823 
