1581 0.592190957951 0.0680416139741 
1365 0.651901746166 0.0786432212542 
1620 0.619209283664 0.0674159362366 
1388 0.575059399525 0.0757973936209 
1789 0.592403754819 0.060175937308 
1710 0.641244920036 0.0622048869983 
1498 0.594056597477 0.0687570913703 
1774 0.615848503635 0.0603715197543 
1689 0.606061502945 0.0641713158908 
1377 0.633017532397 0.0770972857454 
1635 0.599085738748 0.0671324608611 
1671 0.579391437035 0.0646654250068 
1606 0.624012072936 0.0661483290809 
1353 0.65254644163 0.0781775122798 
1752 0.661974040793 0.0598113678506 
1716 0.660467216219 0.061164199266 
1700 0.58597218547 0.0626626312076 
1628 0.654598195101 0.0648155964148 
1632 0.633053521645 0.0652740227016 
1507 0.608996252943 0.0713640282522 
