1227 0.423525097784 0.083207708605 
1060 0.408922677982 0.102806017209 
1213 0.360550383126 0.091186171418 
1239 0.422671158269 0.0864301347481 
1199 0.392441860465 0.0869325404268 
1266 0.378573967301 0.0873055050944 
1131 0.373299469965 0.0909783568905 
1131 0.398369132856 0.0913606028463 
1112 0.387288173687 0.0923158178631 
1218 0.436105414274 0.0843051425349 
1080 0.439099153288 0.0936191470412 
1172 0.320279839604 0.0907252474192 
1245 0.383273792799 0.0889827850922 
1057 0.416717907483 0.0981480879293 
1165 0.410283900849 0.0929284779999 
1244 0.404149760977 0.0852448479493 
1102 0.434788029925 0.0935020403537 
1250 0.425728621117 0.0848059009316 
1217 0.374347808225 0.0875528942936 
1118 0.414871749039 0.0944286799536 
