1294 0.609926200688 0.0855568515514 
1875 0.648080511864 0.0585460543855 
1854 0.674920472314 0.0564031581927 
1819 0.5982496153 0.0618465253353 
1776 0.533553835327 0.0633981351162 
1711 0.632043230612 0.0649892288594 
1899 0.619269435234 0.0601108939945 
1668 0.616857433931 0.0698382348535 
1835 0.643032251035 0.0594534825126 
1855 0.596898075783 0.061685610144 
1814 0.599721732422 0.0613772867534 
1701 0.639024390244 0.0637571627976 
1564 0.595981714724 0.0707065964453 
1644 0.614120187337 0.0650127729457 
1748 0.598316132537 0.064748670631 
1549 0.609600309688 0.0728088002839 
1594 0.639777359674 0.0662521558483 
1675 0.627316403569 0.0653013189699 
1881 0.644159226191 0.060107172752 
1632 0.591117917305 0.0685681470138 
