1212 0.364266270725 0.0933491606864 
1216 0.378933092224 0.090497467327 
1281 0.365914767406 0.0898974106307 
1077 0.331049528849 0.101240832289 
899 0.320375931487 0.121887512513 
1189 0.350088257544 0.0914319261159 
1275 0.32698338037 0.0895632447476 
1192 0.372306789114 0.0932441711746 
1290 0.325793082078 0.0868807374986 
1188 0.323403718348 0.0935390289813 
1148 0.345559862376 0.0990061952877 
1148 0.31016019502 0.0948518849034 
1247 0.357511125366 0.0864734093734 
1066 0.350360858562 0.101197101415 
1105 0.37295537773 0.10091225304 
1342 0.321380954155 0.0813156400135 
1239 0.327136286614 0.0880903029937 
1045 0.394959590646 0.103746981254 
1056 0.360153329232 0.104913988926 
1064 0.344799737052 0.101685389961 
