1242 0.515055148539 0.0874602487723 
1187 0.463568632403 0.0938506282359 
1375 0.510503743549 0.0823978247438 
1564 0.466564426979 0.073319035752 
1261 0.44856195421 0.0868351432762 
1399 0.512177403028 0.0808855711173 
1287 0.468219763153 0.0875182003495 
1447 0.523204273593 0.0776943451456 
1552 0.431638381692 0.0715651466847 
1247 0.494490965183 0.090549125566 
1397 0.466227740604 0.0797581135722 
1134 0.455464456787 0.098140097417 
1704 0.449162732045 0.0643961333177 
1392 0.4610817863 0.0801745574348 
1245 0.462644831554 0.0923777795617 
1564 0.478018582449 0.0719197513106 
1584 0.498695533254 0.0693504228998 
1455 0.446062437751 0.0777166260261 
1346 0.442570788298 0.0807673736211 
1426 0.483728156247 0.0811737804879 
