1482 0.440693399886 0.0808035563725 
1364 0.489553551793 0.0846397120813 
1306 0.48080699875 0.0887560735328 
1379 0.504622077216 0.0815649356535 
1215 0.486272735995 0.0962666793454 
1475 0.499327934217 0.0785898690319 
1665 0.408002161124 0.0696183890624 
1324 0.482493552243 0.0831235846387 
1589 0.482006920415 0.071574197861 
1607 0.494288971808 0.0692990127488 
1430 0.509309750187 0.0795996749162 
1579 0.472060437242 0.0745412208788 
1434 0.486977441512 0.0792488929954 
1511 0.477622639845 0.077552193621 
1631 0.49909617329 0.0712069916358 
1316 0.469643467366 0.0869089826101 
1329 0.431873159115 0.0863931190074 
1442 0.442175691604 0.0780957498441 
1501 0.477265412574 0.0761944398203 
1543 0.490741040675 0.0722320300606 
