1036 0.361899710704 0.107782364995 
1219 0.383003855303 0.0911802251662 
1305 0.322376283132 0.0861002853532 
1074 0.356835201637 0.107918536909 
1096 0.379825880852 0.103930215598 
1075 0.346825323046 0.102880682346 
1336 0.391345002992 0.0868445167565 
1114 0.349811591603 0.104413859232 
977 0.34076309329 0.113933357201 
1134 0.35702574048 0.0989902426393 
1365 0.310131448867 0.0875951997364 
1271 0.344654582629 0.0915727106516 
1054 0.347735356889 0.106145512213 
1125 0.327838713975 0.0991565455838 
1163 0.31194292836 0.0977024152306 
1136 0.347026979447 0.101479633379 
1290 0.309855117378 0.0896824397614 
1251 0.325519335251 0.093088346916 
1087 0.342790163181 0.101975120662 
1147 0.371614084016 0.100108124891 
