1849 0.605870587599 0.0612946983621 
1886 0.613731517304 0.0607386785204 
1866 0.626577530077 0.0629571822835 
1710 0.582079083497 0.0694793523688 
1320 0.516363016553 0.0853731866218 
1613 0.634530746343 0.0725431208158 
1934 0.620765394455 0.0592053412233 
1511 0.582878592453 0.0734742409962 
1726 0.612868190112 0.0664217496453 
1609 0.546058761414 0.072442387726 
1925 0.583816004779 0.0598710098439 
1831 0.636971715627 0.0623673316862 
1677 0.574395804154 0.0703290297107 
1616 0.627288188003 0.0704588937848 
1664 0.599447264862 0.0688450013518 
1552 0.595520273099 0.0728066326367 
1740 0.605196633248 0.0661653284882 
1407 0.619425789717 0.0855036110223 
1857 0.604039941864 0.0625403725037 
1915 0.582763480712 0.0590857780446 
