1286 0.444824592097 0.0928229851095 
1563 0.519660196762 0.0781889529307 
1465 0.475657475658 0.0802199571731 
1536 0.507512394094 0.0798763099229 
1668 0.453949799738 0.0753631303749 
1575 0.502855329949 0.0743456535533 
1702 0.517708210972 0.0704244611183 
1401 0.457216611351 0.085062319332 
1323 0.492099464904 0.0916064683664 
1342 0.47207636639 0.0865708673147 
1499 0.489024485124 0.0752085000501 
1518 0.484622052515 0.0763392269331 
1537 0.498216628181 0.0801877012392 
1433 0.481179138322 0.0841166274203 
1613 0.467267806974 0.074121916832 
1449 0.46776623765 0.081422958145 
1558 0.513369041128 0.0777125629431 
1569 0.494694917955 0.0756621395572 
1676 0.430396103574 0.0720767481736 
1541 0.45528481663 0.0764930972389 
