1533 0.389738240376 0.0776609919484 
1232 0.401519454701 0.0953817908874 
1313 0.415058429447 0.0892530023601 
1198 0.430535848427 0.0987651020366 
1348 0.401405317216 0.0868340733806 
1158 0.401407234741 0.102669321419 
1247 0.432700016034 0.0969228495271 
1567 0.379034315602 0.0788754544585 
1414 0.431164286724 0.087717486392 
1496 0.387215595871 0.0794358274031 
1210 0.40972480476 0.0989977170365 
1429 0.38845562006 0.0818528362594 
1387 0.393289606458 0.0842504414733 
1309 0.433841218926 0.0877731555734 
1485 0.414667384502 0.0792064840675 
1515 0.392385853787 0.0791157379916 
1330 0.41821086262 0.0904922711897 
1251 0.402658490792 0.0943741760876 
1430 0.396097654748 0.0845096728532 
1160 0.370649177221 0.104484362885 
