1051 0.345445902263 0.111913802529 
1283 0.344836988276 0.0956087134344 
1367 0.363934785788 0.0871095463519 
1084 0.33933413262 0.106368307895 
927 0.328073295608 0.124054331717 
1158 0.330916310588 0.103141590056 
1257 0.356306395834 0.0966567456375 
1316 0.351386672745 0.0904376567131 
1062 0.363481533757 0.11289034933 
1202 0.397670936616 0.100711845991 
1171 0.372316360067 0.0997695164113 
1320 0.381090496024 0.0879602896631 
1181 0.347097156398 0.0992549826507 
1154 0.376518990083 0.106374642718 
1321 0.393482457137 0.087515612581 
1040 0.354494760119 0.113797651668 
1361 0.367968262131 0.0894911931088 
1111 0.367332433648 0.106565592668 
1255 0.346849358719 0.0979459591333 
1224 0.360508149177 0.100493750255 
