1866 0.586388836811 0.0638065123069 
1887 0.602294404409 0.0645814566554 
1704 0.638758507393 0.0707795815243 
1569 0.600136977574 0.0758782094165 
1824 0.633588204665 0.0654371009072 
1687 0.625185185185 0.0708037037038 
1816 0.646188772702 0.0658382636214 
1601 0.580733801718 0.0725819672132 
1612 0.587804953656 0.0727500464987 
1868 0.584880920525 0.0636063352957 
1812 0.595048275862 0.0671422413794 
2005 0.60292467649 0.0601289986786 
1819 0.628569465439 0.0647167445376 
1793 0.581179783112 0.0673881756851 
1867 0.639671235811 0.0653508346274 
1733 0.631953857246 0.0684936012978 
1743 0.639607595663 0.0691104390167 
1684 0.604139465875 0.0684764465876 
1830 0.60450696531 0.0647654329419 
1770 0.605009035464 0.0678171589113 
