1720 0.499743224519 0.0715059155258 
1438 0.477426754249 0.0852415893373 
1506 0.511453422748 0.0822338116659 
1422 0.502196141818 0.0851499086406 
1674 0.446567734615 0.073906982473 
1395 0.495069245463 0.0856095540831 
1416 0.459012920992 0.0845838408177 
1535 0.4978285888 0.0791214741711 
1447 0.49989059711 0.08751565469 
1584 0.478599835869 0.0774582176 
1367 0.507779849155 0.0913734373287 
1597 0.500824256083 0.0764880626331 
1543 0.470261226252 0.0788738665804 
1702 0.507235309092 0.0740363221818 
1762 0.478911989109 0.070638454775 
1539 0.456499377403 0.0809789670295 
1415 0.493612161033 0.0892168789078 
1423 0.456086106134 0.0858005252803 
1419 0.511796605395 0.0868948737588 
1723 0.446220494522 0.0705040106177 
