2014 0.637479521422 0.061340322941 
1690 0.648887705597 0.0743255236067 
1610 0.614749262537 0.0767078093464 
1993 0.598538041025 0.064452831135 
1736 0.633666359553 0.070415071116 
1825 0.622825997645 0.0675917874066 
1471 0.589583687341 0.0861799065421 
1990 0.656628321696 0.0626353952128 
1782 0.61463270973 0.0655651347713 
1809 0.648938816117 0.0681928093738 
2006 0.633698766663 0.0625883736141 
1867 0.614458637958 0.0661052864144 
1988 0.607268567406 0.0628158470358 
1867 0.605983935743 0.0686855756359 
1763 0.60266806544 0.0717281819729 
1815 0.642144844495 0.0676931248451 
1954 0.626608344205 0.0616838372599 
2050 0.632694371281 0.0611594295679 
1934 0.641315585423 0.0625520967951 
1871 0.603892287554 0.0665630927257 
