1395 0.431606394036 0.0891696310169 
1335 0.377460887791 0.0911516814508 
1300 0.381952719585 0.0928520805305 
1189 0.408136896508 0.102725560948 
1684 0.362309267945 0.0765423692336 
1299 0.411343697091 0.0940626442974 
1270 0.430811917037 0.097202270849 
1482 0.393266572257 0.085867430373 
1374 0.397086637085 0.0882828980869 
1348 0.374629135143 0.0910461634031 
1379 0.422228865457 0.0890223575027 
1139 0.433675708893 0.101933544026 
1407 0.399277061352 0.0871534068706 
1426 0.421994952151 0.0835809058086 
1396 0.374695754886 0.0898999570478 
1157 0.366265502787 0.106720755369 
1291 0.44892410697 0.0919473712219 
1582 0.41875157948 0.0798081327395 
1435 0.432052532572 0.0850459181008 
1375 0.407705865252 0.0884086098191 
