1362 0.351663670714 0.0935424997249 
1377 0.324063860668 0.090465121553 
1261 0.379229732943 0.09566613341 
1528 0.327416031658 0.0821736926449 
1274 0.341129854845 0.0954381620244 
1177 0.3849995753 0.102828638622 
1057 0.36528605201 0.114412677305 
953 0.334098773199 0.129948653927 
1350 0.34421033142 0.0953770135161 
1111 0.375872930166 0.107446482406 
1417 0.355913068022 0.0899815657635 
1251 0.350033949755 0.0993972670448 
1304 0.388348919209 0.09065637935 
1302 0.338421981733 0.0965022737739 
1331 0.345411534996 0.0967263301668 
1204 0.382740442489 0.104203203479 
1306 0.360794671567 0.0989577352244 
1491 0.35522328014 0.0828311485853 
1491 0.323241467176 0.08336162241 
1226 0.32331593541 0.103600681985 
