1827 0.498878126197 0.0707199488317 
1584 0.506768910348 0.0818767947869 
1583 0.490974919222 0.0801077878817 
1562 0.481784918019 0.0827304421225 
1674 0.43299799994 0.0770862563062 
1567 0.486435036 0.0830787576174 
1694 0.503659760345 0.0755120713064 
1621 0.495508828185 0.0781866636863 
1497 0.479687830511 0.0851236598645 
1581 0.524744234072 0.0805371282044 
1672 0.49828065664 0.0774769757498 
1822 0.485279187817 0.0718985800522 
1708 0.503389615584 0.0742856202265 
1648 0.46368370494 0.0780050811467 
1559 0.501170209355 0.0844108677183 
1565 0.49046782692 0.0819275906116 
1800 0.500564626606 0.0722285279907 
1657 0.471510143354 0.0803581526329 
1732 0.449515506673 0.0729265898791 
1647 0.472513909965 0.0767507587254 
