1255 0.377976664543 0.0996112416375 
1428 0.44809240462 0.0872839735737 
1454 0.450878580517 0.0890433186617 
1548 0.360034870206 0.0828026120367 
1436 0.36793930324 0.0908983137856 
1353 0.401248476342 0.0936807428065 
1596 0.427944077403 0.0799738547766 
1328 0.425117591722 0.0926017168392 
1239 0.4429228349 0.0990026622565 
1503 0.393561475274 0.0865873075261 
1352 0.381420916482 0.0939024390244 
1692 0.383063563327 0.0760084992321 
1363 0.451676203052 0.0910827923269 
1619 0.435672153423 0.0806158511165 
1350 0.407760790701 0.0956217146665 
1483 0.397270889488 0.0848530154987 
1372 0.446457840102 0.0929435667456 
1565 0.413409961686 0.0841554916987 
1587 0.387906324808 0.0801241416783 
1318 0.384042996891 0.0989587282931 
