1255 0.408449862555 0.100643400661 
1234 0.436874721536 0.105685983636 
1446 0.407361327113 0.0912519440125 
1328 0.385221072437 0.0974000470367 
1388 0.410317574623 0.0970485048429 
1648 0.374776250721 0.0793229119263 
1575 0.436413388325 0.0827926713199 
1542 0.43037995202 0.0853372398367 
1394 0.401852316741 0.0965988559748 
1497 0.440638773875 0.0885493188193 
1401 0.425165941047 0.0931784624581 
1384 0.434776329567 0.0927255208146 
1482 0.40076033448 0.0889220446423 
1450 0.417890762388 0.092521594083 
1442 0.400119596492 0.0920925486186 
1423 0.353696873903 0.094846548999 
1414 0.421124270815 0.0955878778505 
1563 0.409273291131 0.083930798005 
1562 0.400195193754 0.0879511855621 
1453 0.382221381138 0.0912500430101 
