1361 0.397025448937 0.0943610912196 
1345 0.327660681759 0.0985895041077 
1359 0.364638363623 0.0985377501656 
1327 0.37828756545 0.096941273967 
1248 0.317046410123 0.105751711849 
1473 0.338110262935 0.093848600509 
1401 0.35625869511 0.0977999143867 
1350 0.363322721552 0.0961330236174 
1263 0.351974673526 0.102923426989 
1371 0.388105742935 0.0935266636281 
1175 0.355065067619 0.116803420303 
1401 0.359076472897 0.0953675329194 
1395 0.369359750636 0.0957664540863 
1275 0.366478564151 0.103981748178 
1204 0.336190001661 0.113206641339 
1328 0.358651567027 0.100625728959 
1517 0.311860051394 0.0884850431575 
1375 0.37013883841 0.096470206077 
1482 0.352466095405 0.0903178977465 
1373 0.37625823356 0.0965021016049 
