1459 0.493657155254 0.0910652810606 
1496 0.475164272191 0.0882721140996 
1548 0.490403143334 0.085988212498 
1494 0.477138174399 0.0885195420946 
1300 0.487116375664 0.0996569975387 
1523 0.528700542717 0.0851281430542 
1678 0.506348591794 0.0781473367186 
1487 0.427524785751 0.0890386069569 
1707 0.507338876527 0.0755851826912 
1588 0.481190071547 0.0826343866055 
1601 0.458620797303 0.083738351856 
1579 0.482442812527 0.0813897703533 
1594 0.462346705141 0.0830713075934 
1535 0.515850018992 0.0862267011233 
1718 0.5195268567 0.0765693171903 
1628 0.418514423766 0.081805478779 
1861 0.493975687918 0.0725510567163 
1764 0.521306737689 0.0770244234148 
1575 0.479206999059 0.0820122822051 
1629 0.4719630948 0.0812290950657 
