1504 0.360057165648 0.0924003132479 
1340 0.40384830518 0.100282703136 
1363 0.373986065273 0.0991789283096 
1201 0.344065892924 0.111158560048 
1439 0.343840755923 0.0931230676371 
1523 0.378337762903 0.0906867268761 
1677 0.323790791238 0.081974556698 
1628 0.354187645831 0.0865956573131 
1288 0.373269708256 0.105854283054 
1344 0.313536825668 0.101298471949 
1424 0.316812296031 0.093588798821 
1586 0.314187570907 0.0903504348923 
1388 0.317731773178 0.0984619711972 
1160 0.341372625049 0.118804123045 
1473 0.359459826276 0.0948750084827 
1405 0.374347114495 0.0962872696222 
1592 0.334222752386 0.0883781705174 
1296 0.389714329774 0.104987904314 
1388 0.399466954799 0.0962672204215 
1519 0.373925058394 0.0914481692273 
