1626 0.368918088213 0.0840200937453 
1546 0.441552459758 0.0865804189024 
1385 0.426701901223 0.0969709405102 
1537 0.404712748318 0.0896167945509 
1558 0.380510459446 0.0861139630391 
1449 0.414838765305 0.0928457492672 
1483 0.43843950118 0.0883905249411 
1669 0.412200820777 0.082999767846 
1579 0.432795188351 0.0851654004432 
1501 0.380131171555 0.0947045518861 
1591 0.437604045608 0.0844703097026 
1467 0.424475262369 0.0912743202263 
1481 0.380250683222 0.0921315665171 
1549 0.426548387097 0.0904768145162 
1412 0.431924384027 0.0953939216936 
1580 0.401340965875 0.0862337518581 
1491 0.404113032985 0.0914140017432 
1569 0.426421404682 0.0855400939641 
1433 0.425364543362 0.0922210763623 
1601 0.408164699269 0.0830151926801 
