1416 0.390111150318 0.0980405345802 
1606 0.399627992404 0.0860287021761 
1459 0.414717065151 0.0961167106255 
1500 0.447460084664 0.0924422310924 
1567 0.418835310627 0.0893733456117 
1489 0.400250151098 0.0926697543819 
1574 0.413576032769 0.0883862088401 
1475 0.430879362928 0.0927106277534 
1561 0.419765542424 0.087237956824 
1478 0.378148348491 0.0948815037696 
1903 0.40428969213 0.0762623791637 
1428 0.436209129735 0.0936963960653 
1613 0.425667720146 0.0835826632894 
1643 0.365870722434 0.0858384030419 
1435 0.426151997492 0.0965679530494 
1542 0.43094504782 0.0946932241855 
1367 0.407934186472 0.100462751371 
1456 0.437171786511 0.0950907413764 
1656 0.400446819431 0.0871448842195 
1818 0.384876110332 0.0767443899019 
