1313 0.338900730816 0.106467317867 
1232 0.369500324465 0.116254030459 
1404 0.329768981597 0.101375342612 
1489 0.373695338457 0.0938244621942 
1564 0.331874241166 0.091097074893 
1369 0.377007885514 0.101724499854 
1372 0.377501001493 0.0991472513566 
1490 0.328532134711 0.0944884819872 
1522 0.345590698591 0.0927133625645 
1399 0.395634778881 0.0996820747304 
1262 0.374639518302 0.110252683806 
1359 0.365537284332 0.0983841003569 
1497 0.336707170517 0.091577021298 
1286 0.369147033668 0.108246952997 
1469 0.344701558566 0.0973337643777 
1362 0.37715292563 0.10137723919 
1445 0.345828721638 0.0978648571528 
1259 0.393701850528 0.114791815583 
1325 0.361197631887 0.104813412082 
1334 0.368077614624 0.10396454525 
