1791 0.485574999768 0.0835313223925 
1653 0.498483061696 0.087398135829 
1752 0.47112924549 0.0823742046395 
1946 0.497473969037 0.0728709091143 
1895 0.471902010956 0.0789711875808 
1583 0.522092411325 0.0914360988318 
1962 0.489200322759 0.0754140654861 
1953 0.485353470711 0.0750503967747 
2017 0.495783674852 0.0730846899081 
1788 0.513630350122 0.0804029361619 
1994 0.486633741967 0.0709578455214 
1793 0.484861157578 0.0788010901082 
2001 0.487682227273 0.074418662737 
1710 0.528308139138 0.0840874535833 
1767 0.498090793382 0.0829126007637 
1836 0.463446949073 0.0813391593162 
1797 0.517323243564 0.0793086989484 
1913 0.487523189883 0.0738026181705 
1783 0.481852256901 0.0819145915707 
1886 0.482693734761 0.0759526065409 
