1449 0.358055948398 0.101349341175 
1515 0.373696190005 0.0934778574964 
1524 0.37937887384 0.0964155707868 
1556 0.33174179867 0.0926625807281 
1675 0.325136563088 0.0899385466106 
1536 0.379621855576 0.0983064653911 
1398 0.36154341296 0.101503830818 
1505 0.389548519983 0.0952091500283 
1422 0.362031991563 0.106466426437 
1444 0.373758349774 0.103192706711 
1461 0.380933812212 0.0990673636053 
1373 0.337830851568 0.10319030564 
1365 0.372895382475 0.102817523527 
1647 0.360857030136 0.0890175943068 
1319 0.365354151666 0.110649893887 
1248 0.360573304508 0.114869835455 
1379 0.391397615683 0.104539782404 
1422 0.355107347412 0.101614932886 
1423 0.336777048144 0.102388550409 
1409 0.37896342545 0.106073069282 
