1586 0.431341801677 0.0895248573726 
1883 0.450254865001 0.0767934299255 
1675 0.418573943662 0.0859971801146 
1432 0.421497626693 0.102447582193 
1565 0.398384367317 0.0921046329705 
1674 0.388693107156 0.0884610933581 
1545 0.417426963021 0.0911602405449 
1545 0.405824410442 0.0944096132696 
1636 0.41245035136 0.0872851741522 
1391 0.445243740346 0.10440353666 
1771 0.401625924462 0.0835632727376 
1445 0.392181283515 0.100737329182 
1876 0.386432073762 0.0780342296009 
1772 0.418126551569 0.0834206090612 
1408 0.43212725917 0.10368158133 
1655 0.424212687581 0.0867996844712 
1446 0.405532701881 0.0974207515211 
1676 0.436247166209 0.0842908252297 
1367 0.426383507567 0.106487362015 
1797 0.41607093185 0.0814507997219 
