1560 0.409127314667 0.0950124543475 
1604 0.409825851273 0.092274097324 
1594 0.421333166113 0.0929715424532 
1906 0.417099464904 0.0810660607492 
1827 0.387795167866 0.0844956494378 
1552 0.41749073925 0.0968951320664 
1856 0.414206443271 0.0791124003341 
1581 0.417844606774 0.0952273661576 
1913 0.401794811506 0.0792994160985 
1669 0.38454338515 0.0939989741517 
1614 0.421330133168 0.0926215546609 
1449 0.389327722397 0.101608042151 
1577 0.430069708492 0.0951293171737 
1676 0.397302657084 0.086585881818 
1861 0.401948801977 0.0802176788977 
1479 0.407622105797 0.0982471057969 
1750 0.404372911371 0.085066122076 
1888 0.414780398698 0.0807959719906 
1842 0.421208337857 0.0819536423842 
1603 0.400134110969 0.0943669494433 
