2003 0.643377673513 0.0739981344681 
2243 0.637982129726 0.0656539667774 
2254 0.629867394004 0.0676487382473 
2196 0.61914898461 0.0666136394682 
2320 0.638228639155 0.0639222605323 
2303 0.568684061998 0.0677730050363 
2239 0.617306275534 0.0667647567701 
2048 0.532802089181 0.0734447074904 
1968 0.65617857687 0.075291088933 
2219 0.610440228901 0.0669953645294 
2168 0.627947990871 0.067839090993 
2187 0.616660190624 0.0707005268451 
2322 0.62410652773 0.0646078679384 
1998 0.627229518449 0.0762558630395 
1932 0.594282757729 0.0771342646489 
1848 0.575160304104 0.0804116162983 
2238 0.638826210317 0.0679958557673 
2195 0.580972120991 0.0692939424654 
2188 0.627981630415 0.0705673951289 
2351 0.652738211658 0.0614812093414 
2391 0.637355973317 0.0612374793501 
2166 0.625060585778 0.0692931803495 
1882 0.602063580591 0.0780880673519 
1786 0.597379692618 0.0832983399122 
2152 0.589797198411 0.068439002718 
2245 0.653638934034 0.0665550487566 
2402 0.628534864848 0.0625435680546 
1957 0.619899849263 0.07631703329 
2218 0.638846942685 0.0666917639568 
2170 0.628578997075 0.0703461520743 
2348 0.659022188152 0.062619112261 
2212 0.613591684555 0.0657517512146 
2165 0.614147501616 0.0701786477095 
2207 0.62753981018 0.0678617035133 
2279 0.642631509674 0.0656081362699 
2167 0.651190421261 0.0679229340655 
2112 0.593210709467 0.0702756965652 
2197 0.58834235792 0.0686022603176 
2407 0.638688708438 0.0616134659716 
2189 0.628499657456 0.0674440511533 
