1724 0.484404893037 0.086257264914 
1849 0.473786162842 0.0805909938644 
1755 0.516518056387 0.0831294689913 
1593 0.498248585799 0.0921516711629 
1930 0.479301590591 0.0768459211958 
2026 0.497138204964 0.0744976439533 
1908 0.486498995721 0.0783304951533 
1886 0.471528550978 0.0796132727587 
1788 0.489616814333 0.0809867520054 
1850 0.510298183521 0.0789190622214 
2092 0.504421394771 0.0719608138952 
1881 0.500744047619 0.0782578656463 
2005 0.476534836168 0.0741741372002 
2008 0.522380750811 0.0743507382785 
1995 0.494942407765 0.0744191181999 
2001 0.473079325422 0.0754122423486 
2130 0.498169615619 0.0706435971747 
1839 0.480318883906 0.0795913167551 
1868 0.482865960256 0.0788817497057 
1940 0.470691298859 0.0789877547603 
