1602 0.361449392965 0.0989796276646 
1554 0.367583212735 0.0984322238303 
1827 0.361814848261 0.0858055920423 
1656 0.366377931368 0.0935575936378 
1807 0.356905802312 0.0857719937497 
1550 0.382455348508 0.0997072264492 
1462 0.365459952826 0.10776672478 
1667 0.394057506072 0.092054125566 
1444 0.365640901381 0.106326694417 
1523 0.374355103381 0.101653265507 
1575 0.367245374044 0.0990375154728 
1370 0.395380067876 0.110075197059 
1346 0.359477124183 0.112785715612 
1189 0.354977518175 0.126045299828 
1497 0.366018963675 0.101532764924 
1598 0.358395096476 0.098473121306 
1491 0.378597291136 0.103483932882 
1354 0.373914968999 0.10868589921 
1441 0.367581445374 0.106831458384 
1471 0.380409078554 0.104471748437 
