2422 0.631304060609 0.0645804948288 
2406 0.628130000207 0.0637630395029 
2238 0.622431430358 0.0681491082597 
2157 0.6545646279 0.0692519902891 
2052 0.641136203074 0.0767189060635 
2384 0.630700522089 0.0629881481559 
2352 0.65249643973 0.0660971342487 
1981 0.626936273273 0.0763464037036 
2156 0.625716008441 0.0699659098815 
2019 0.629287076245 0.0772068382736 
2343 0.626157555584 0.0633354937481 
2022 0.618561926662 0.078019141137 
2384 0.641550979323 0.0639469655664 
2311 0.627303200692 0.0666975291955 
1930 0.585172235172 0.0789707977209 
1971 0.618462435956 0.0790484071426 
2372 0.631981621211 0.064974523669 
2376 0.645545783538 0.0649439540902 
2188 0.658633529022 0.0692022922996 
2198 0.614621718757 0.0715824177699 
2251 0.617909022256 0.0677960219449 
2472 0.650894933764 0.0610950298311 
2112 0.641697434441 0.0720816470227 
2231 0.634899298788 0.0686625585277 
2268 0.654264932775 0.0662400815517 
2377 0.646477925246 0.0660786682582 
1930 0.632146095066 0.0822424232613 
2152 0.63781247096 0.0706021745191 
2156 0.636508046937 0.0709665310051 
2303 0.638963040128 0.0688168717582 
2190 0.632529158012 0.0692310216146 
2108 0.603329302127 0.0728447867018 
2231 0.62693557423 0.0700980392157 
2437 0.636169689013 0.062327877554 
2509 0.618068424093 0.062434619523 
2109 0.639268865129 0.0745700078235 
2370 0.611256406471 0.0642202560479 
2430 0.613802324385 0.0647048236141 
2193 0.619036765209 0.0701769881248 
2356 0.643257175587 0.0669413198201 
