1794 0.363469148877 0.0862619140517 
1538 0.389310199175 0.101403848653 
1439 0.394566803307 0.1063879794 
1754 0.346934587431 0.0887077811031 
1606 0.337363047809 0.0990510613796 
1542 0.371924024375 0.102804315766 
1488 0.36941729639 0.105278127624 
1593 0.362241536193 0.100974436008 
1496 0.36992481203 0.107720864662 
1631 0.340301526016 0.0974434255685 
1719 0.372994038098 0.0921650065436 
1364 0.362510993844 0.112268327653 
1721 0.36589687727 0.0895197893973 
1615 0.383069732892 0.0971497879848 
1734 0.380024213075 0.0894901922634 
1583 0.359713365743 0.100292395353 
1606 0.368126225376 0.0966549186196 
1445 0.363861506001 0.108374623846 
1561 0.347272378026 0.103887541619 
1574 0.360856307966 0.0989723947085 
