1940 0.49177469096 0.0836605739248 
2094 0.488330269681 0.0774457494808 
1885 0.494271772568 0.0837057123158 
2290 0.463199493461 0.0729937665117 
2115 0.500196949644 0.0746833049726 
1879 0.497184310178 0.0844607178014 
2010 0.502010129394 0.0803638593242 
2160 0.491838686785 0.0763210306165 
2169 0.494803548796 0.0754342378155 
1835 0.527914725937 0.0883385142866 
1942 0.508969244628 0.0820212971304 
2426 0.474890454801 0.0686039683521 
1908 0.519220187092 0.0843917046616 
1927 0.507968213616 0.0838830935952 
2203 0.468807200666 0.0731740696619 
2058 0.476365108278 0.0815421979357 
2017 0.479124854432 0.0804521606086 
2041 0.443200561789 0.078482497183 
1950 0.479190158893 0.0833707073296 
1777 0.490738657668 0.0882939925479 
