1599 0.380388968795 0.097251481302 
1684 0.361372677077 0.0997382072672 
1740 0.378124371679 0.0974301665949 
1760 0.350971149478 0.0921846603817 
1586 0.3635968367 0.0998830303413 
1607 0.330411521354 0.100043936048 
1660 0.382527254111 0.0985157049931 
1618 0.373408725745 0.0971840818503 
1827 0.354730506156 0.0890834473325 
1645 0.3704595186 0.0965702308231 
1441 0.371177918791 0.112879910885 
1649 0.376113703861 0.0995614317535 
1859 0.368349733828 0.0873838858419 
1482 0.376380502614 0.110105519481 
1424 0.380798932884 0.109526928005 
1685 0.344184666509 0.0960114155591 
1703 0.340847303368 0.09682719973 
1551 0.361558542009 0.104429525605 
1580 0.370176548757 0.104434778998 
1407 0.372457898103 0.115620891956 
