1700 0.373585016612 0.0990221913499 
1717 0.415075991382 0.0962502911548 
1610 0.367126094245 0.102287146117 
1439 0.348683204781 0.114561618373 
1517 0.364376070629 0.111064328304 
1786 0.348315235643 0.0962608796038 
1693 0.355790405904 0.0965802583027 
1810 0.379632186447 0.0897818350639 
1477 0.403472198721 0.108749978849 
1561 0.363892002691 0.105113317907 
1702 0.383932085892 0.098648216961 
1628 0.391261360845 0.102705780981 
1848 0.381654452527 0.0865634887369 
1573 0.362086061146 0.105280302549 
1737 0.356200892215 0.0935035616636 
1788 0.368451365784 0.0920204902564 
1662 0.378341956443 0.0974278253219 
1714 0.367641484678 0.095588262093 
1476 0.392841905665 0.113427669895 
1593 0.336316565727 0.10218348919 
