2167 0.502564220854 0.0782803381543 
2236 0.483342277077 0.0752301616582 
2196 0.47370697505 0.0757617578766 
1993 0.472677252925 0.083187260116 
1807 0.501862197393 0.0914657544666 
2154 0.505762329064 0.0771903134862 
2455 0.494516159683 0.0683021898033 
2134 0.483241597377 0.0784254596557 
2136 0.500807225251 0.0776263336765 
1944 0.501062772121 0.0861018172118 
2072 0.479817598379 0.0801799587425 
2179 0.487415324862 0.0767143848342 
1945 0.516955396768 0.084978056084 
2115 0.511909825606 0.0776715877405 
2180 0.490415042421 0.0754614767256 
2123 0.469088426406 0.0778549945852 
1933 0.485976797504 0.08583407134 
1907 0.497047519217 0.0864562860326 
1978 0.494475324238 0.0842261716777 
1970 0.506736356025 0.0845033681781 
