1677 0.42850222103 0.0968309334288 
1726 0.392326410011 0.0969310347326 
1715 0.451410338598 0.0939667230026 
1970 0.394453327242 0.084426234709 
1886 0.42902199841 0.0877252849192 
1980 0.399789189326 0.0849128354668 
1667 0.424062968516 0.101281390555 
1836 0.431630097458 0.0866746406599 
1753 0.380994468838 0.0948049124708 
1680 0.44499404939 0.0965072709016 
1757 0.430660256593 0.0949590006544 
1872 0.413230699389 0.0897322382301 
1697 0.397027210083 0.0944926453266 
1855 0.398975879262 0.0915345809191 
1841 0.409780661274 0.0936524444867 
2198 0.440266945588 0.0746855033084 
1697 0.413751214772 0.0975286759726 
1690 0.391167682386 0.0989923858056 
1915 0.387627251371 0.0878580984078 
2025 0.387440436511 0.083461410266 
