2476 0.63261782642 0.0659195660515 
2298 0.589805772451 0.0720863148966 
2509 0.611898073436 0.0659298856414 
2527 0.65576527382 0.0673893043685 
2799 0.625511169842 0.0585512687726 
2302 0.612923190514 0.0712081152685 
2160 0.642204170427 0.075658066028 
2329 0.627184320123 0.0718608448543 
2683 0.635595431084 0.0620312529115 
2487 0.594803497839 0.0683046034777 
2548 0.625049058084 0.06581019427 
2605 0.621504922374 0.0641737751636 
2374 0.61720246742 0.0699534463884 
2244 0.637577688178 0.075161919984 
2650 0.622901497717 0.0632562860754 
2490 0.634665569295 0.0681388760639 
2301 0.625350307401 0.0722318926376 
2501 0.639860908491 0.0677796318871 
2466 0.604657761923 0.0668900875611 
2367 0.64332319777 0.0691517932556 
