1952 0.309368838817 0.0899764754834 
1625 0.39149027812 0.10518032396 
1865 0.387844030551 0.0896238108 
1632 0.349664532337 0.104552173647 
1692 0.342229310651 0.0992499926163 
1608 0.356593099161 0.106708987411 
1601 0.373499469115 0.104390145837 
1702 0.376195929874 0.0998379364521 
1665 0.388165005404 0.103100231176 
1724 0.383405834929 0.0988930818979 
1699 0.361963587165 0.100807652431 
1695 0.372215505293 0.0995104833241 
1744 0.346327618829 0.0975395619518 
1710 0.374708341862 0.100240124558 
1576 0.354762584452 0.107346480794 
1636 0.388546282432 0.10375538612 
1672 0.382915894555 0.100486057146 
1823 0.347432488006 0.0942571967101 
1651 0.362140889414 0.106113583386 
1700 0.343115110876 0.10039574878 
