1792 0.443401751353 0.0977723764572 
1872 0.39997329773 0.0916033878505 
1749 0.452634136581 0.097328077209 
1826 0.416411168902 0.0947581611005 
1935 0.388914003772 0.0875381028649 
2065 0.398720927419 0.08472418863 
1972 0.438038738465 0.0871639222696 
1666 0.427380166777 0.103288664587 
2000 0.441409179541 0.0858097720115 
1887 0.364333589425 0.08909896813 
1682 0.415733008411 0.0991429908765 
1701 0.45004995005 0.100646596051 
1986 0.42741346759 0.0861021082442 
2007 0.400534219964 0.0856619844591 
2034 0.433673218673 0.0822815571254 
1710 0.431840766938 0.0977802398142 
1540 0.387022975078 0.10684029806 
1892 0.390029054411 0.0917574617011 
2019 0.439955926412 0.0865009935128 
1639 0.412885025923 0.101931800854 
