2524 0.62121512169 0.0671664282037 
3016 0.598032553205 0.0574171873964 
2354 0.608340590022 0.0721232982181 
2324 0.616858814419 0.0755566817947 
2750 0.635529138037 0.0631833487839 
2448 0.635886437908 0.07238976971 
2272 0.647644508988 0.0731222632957 
2515 0.61782888721 0.0679448028068 
2721 0.628781894667 0.0633364026305 
2769 0.628970224445 0.0635811469637 
2661 0.637115106426 0.0645471688365 
2630 0.649923954372 0.0658225403992 
2559 0.629713571177 0.0674028467039 
2810 0.62916281221 0.0610512435067 
2469 0.586300121506 0.0703555336169 
2801 0.62093334523 0.0624113277416 
2430 0.630893121606 0.0713203986342 
2533 0.637111733828 0.0666746630422 
2510 0.636177161747 0.0675390578325 
2388 0.632731877839 0.0708925543717 
