2827 0.608437356341 0.0623497118002 
2501 0.61890768062 0.0721719943225 
2542 0.605955705912 0.0685911746194 
2638 0.637462808194 0.0674895057517 
2766 0.585152917359 0.0631507121683 
2768 0.634099201618 0.0634974124851 
2747 0.64948857018 0.0645102854725 
2801 0.659943597615 0.0627733106058 
2565 0.628639074009 0.0684348084493 
2797 0.622794945577 0.0643163214241 
2720 0.605283469631 0.064157975742 
2690 0.61513084529 0.0655312569697 
2491 0.662535126455 0.0708378286833 
2658 0.648854746502 0.0647434345381 
2346 0.624147848317 0.074436780997 
2289 0.655400240253 0.0774342715955 
2444 0.651565057283 0.0701561860679 
2561 0.632775750004 0.0662128169344 
2461 0.638516532618 0.0712531227151 
2446 0.59489946052 0.0733572931993 
