1990 0.496260750865 0.0877634851645 
2173 0.527839131235 0.0798351077904 
2235 0.49035436886 0.0767692819447 
2108 0.50127268703 0.0809559381522 
2309 0.484985602633 0.0760425236528 
2264 0.486394783133 0.0782295369737 
2187 0.514043467331 0.079586551866 
2075 0.53143797936 0.0824151457656 
2267 0.483288126374 0.0764721205372 
2263 0.488189903988 0.0770095202333 
2182 0.508434710226 0.0827803901579 
2316 0.509914810338 0.076825502396 
2086 0.505611336097 0.0816640357289 
2137 0.495018243054 0.0812751426701 
2097 0.461775595494 0.0815603101016 
2221 0.460203484446 0.0797421554946 
2083 0.508687721993 0.0834820785735 
2026 0.496015788825 0.0840492784014 
2313 0.472130982222 0.0764867317832 
2324 0.516930864144 0.0762860134859 
