1813 0.361352044333 0.0964393902843 
1801 0.366662041791 0.0990865291229 
1837 0.368802046481 0.0979451845099 
1800 0.374886821275 0.096435390918 
1714 0.363757802019 0.102210085749 
1615 0.34552714666 0.108959055593 
1751 0.391220208363 0.101863315256 
1620 0.371509690162 0.106488589372 
1786 0.377102228194 0.0970224848842 
1791 0.391532235557 0.0970699309239 
1839 0.366993721632 0.0938731552198 
1772 0.341911826926 0.0996759794658 
1610 0.350992143589 0.11050940518 
1572 0.372286858669 0.109277151281 
1755 0.384531267798 0.0965260671774 
1532 0.411030658839 0.110831498695 
1663 0.370725108225 0.105852047258 
1662 0.391525831479 0.104082873489 
1636 0.355851616452 0.107347751024 
1963 0.339051159948 0.0929963839161 
