2091 0.361486971074 0.087576201291 
1664 0.385214335066 0.106443757698 
1888 0.344726598703 0.0951914802066 
1678 0.392313650718 0.105899570995 
1651 0.360662588578 0.108303744473 
1761 0.3616989864 0.102169160444 
1764 0.343762926028 0.1021457206 
1641 0.37480890459 0.10640674011 
1715 0.397266581187 0.101374449965 
1771 0.352796433207 0.100895401829 
1810 0.367867693752 0.0990981080373 
1785 0.37631608423 0.101328860047 
1769 0.334495718767 0.101636900557 
1780 0.353823686354 0.100458652793 
1661 0.367502181567 0.108359443174 
1946 0.357397939522 0.0950691108086 
2032 0.380562798249 0.0882839019531 
1680 0.394023987382 0.108532856165 
1722 0.344998548621 0.104337354862 
1745 0.363659801198 0.103012922885 
