2145 0.501526415138 0.0850940027033 
2129 0.500211267606 0.0855809859155 
2239 0.460101652788 0.0800187808363 
2087 0.494649929731 0.0835483093379 
2055 0.473370957802 0.0872758191837 
2211 0.478378806031 0.0810328556252 
2122 0.480747789765 0.0857906498799 
2244 0.505839291415 0.0795932913113 
2175 0.494905854055 0.0847622316956 
2076 0.486737453752 0.0866118508175 
2412 0.454519709622 0.0740108062745 
2436 0.484123889083 0.0745193294473 
2103 0.493258231137 0.0837442960358 
2016 0.465468220514 0.0881136870816 
2208 0.468830884628 0.0821797251715 
2159 0.496195635398 0.0833989258265 
2084 0.490194667626 0.0856873575969 
2340 0.486076093614 0.0768670409384 
2623 0.495870656248 0.0688929388222 
2308 0.51049269085 0.076512249594 
