1847 0.444115975755 0.0957633740124 
1939 0.407761797985 0.0915882174799 
1961 0.43439531031 0.0924254492163 
2113 0.424723740565 0.0856234175718 
1879 0.443527581254 0.0929250724773 
1926 0.417047282919 0.0926681631806 
1800 0.423996945717 0.0982693842844 
1970 0.450121808862 0.0905370533676 
1897 0.418759056778 0.0951982610987 
1945 0.403554538912 0.0921444497276 
2045 0.409528057484 0.0882272521753 
1826 0.439154054572 0.0962015757137 
2001 0.415020355154 0.0875517464223 
1898 0.450703205247 0.093088275962 
1878 0.397576975278 0.0959633718765 
1907 0.459683338576 0.0949853203314 
2036 0.40063465174 0.0887691500332 
2211 0.437720448585 0.0820287770191 
2240 0.402032982973 0.0802621008235 
1978 0.401738559119 0.0927692176485 
