1682 0.37754732119 0.10628556518 
1743 0.393982158736 0.103433439463 
1899 0.365720903301 0.09601927278 
1916 0.355040822182 0.0965068015234 
1711 0.381512850467 0.106594078563 
1875 0.350833133382 0.0986246634142 
1995 0.336276179978 0.0918553963324 
2133 0.374742811614 0.0859625817262 
1866 0.366467547079 0.0976270559321 
1823 0.397449609214 0.0993684012067 
1914 0.37644386423 0.0977835345954 
1868 0.361305510969 0.0988504882291 
1740 0.386556359876 0.101965557854 
1626 0.392386926176 0.110338260616 
1748 0.377166390208 0.103706100212 
1712 0.385010656623 0.104759715045 
1774 0.35032550799 0.103521404616 
1735 0.379692857349 0.105149447518 
1956 0.375305361067 0.0944742742884 
1943 0.363870237452 0.0920938810425 
