2033 0.411266323996 0.0864741398392 
2031 0.446233846154 0.0887473076924 
1980 0.412910922588 0.0938719038783 
1980 0.42307837988 0.0910390415889 
2389 0.411145523793 0.0790235372285 
1909 0.43172653959 0.0916495928467 
2137 0.398666822594 0.0846180271314 
2113 0.448860948145 0.085740117572 
1945 0.395289808508 0.094488176327 
2082 0.388418146904 0.0900436569852 
2216 0.440174362213 0.0805544120633 
2130 0.418156647426 0.0866645255526 
1996 0.425178459612 0.0906833124609 
2059 0.422227078477 0.08729649257 
2175 0.421502608536 0.0823311921124 
2120 0.425484509832 0.0868212736361 
2092 0.452560456892 0.0877928007313 
1882 0.461755019654 0.0981994648359 
1953 0.413343656421 0.095365648435 
1951 0.408156337271 0.0925866618842 
