2068 0.413504073098 0.0881600655081 
2072 0.435485621924 0.0896145692609 
2112 0.416822496272 0.0875542937961 
1999 0.424853684158 0.0921031651744 
2054 0.393999318519 0.0912720264318 
2154 0.44569681641 0.0879431965844 
2038 0.402579165543 0.0934518261425 
1922 0.405062550392 0.0987558193972 
2195 0.428760104748 0.0865215473073 
2143 0.43855843247 0.0872055050152 
2143 0.420307943544 0.0865923539018 
1782 0.407834198345 0.105494283911 
2157 0.433191952904 0.0888712163353 
1975 0.407593014427 0.096578397874 
2083 0.435248518012 0.0887392900857 
2145 0.424832793456 0.0861164678055 
2381 0.399529767403 0.0801645551684 
1959 0.427994436079 0.0957248092188 
2011 0.415183675498 0.0927352332605 
2077 0.411629838244 0.0913022939535 
