1677 0.392279488479 0.110885939875 
1804 0.368426595715 0.104711447854 
1735 0.38477935246 0.109555032262 
1704 0.363325513197 0.110907716276 
1874 0.349079852777 0.0989958393344 
2018 0.379987117233 0.0920196524131 
1767 0.372901583711 0.107314497313 
2018 0.375433382863 0.0946562345221 
1785 0.340498320269 0.106123145297 
1938 0.3860130483 0.0953512210218 
1692 0.36472743389 0.110868019648 
1931 0.362701247606 0.0974319899571 
1745 0.380614846861 0.106628549122 
1831 0.378532616116 0.102994958769 
1807 0.373521765585 0.103963420958 
2011 0.390443278721 0.0911842260648 
1938 0.364259555372 0.0990120634962 
1986 0.377554615927 0.0947327563426 
1939 0.356319764894 0.0963255007606 
1965 0.352051484242 0.0974359626587 
