2154 0.404182721322 0.0904089875122 
2176 0.430279570881 0.0891649054697 
2048 0.414068984036 0.0929139408291 
2246 0.423721173538 0.0850039789422 
2201 0.406633892686 0.0862410306774 
1942 0.43247625666 0.0985903598178 
2048 0.426877639191 0.0937652554371 
1833 0.40283914253 0.103899048165 
2071 0.427052662065 0.0922679743689 
2034 0.440793678105 0.092834790704 
2263 0.45402495583 0.0857421875 
1942 0.433047204777 0.0973952434882 
1995 0.453491431149 0.0930096994639 
2189 0.422924946325 0.0873896521402 
1908 0.424826411634 0.0984851958602 
2286 0.401127071582 0.0843807392103 
2205 0.416037628924 0.0864445200046 
1922 0.425375754109 0.0973905242356 
2114 0.437241363002 0.09173854312 
2034 0.451890709846 0.0934086986167 
