1799 0.391076042564 0.103251413469 
1810 0.393222305079 0.105403478609 
1965 0.373938700242 0.0977203357498 
1683 0.351643457348 0.113216414531 
1803 0.37922409251 0.105879187349 
2055 0.351432462669 0.0939840823971 
1793 0.382780534032 0.103652482022 
1901 0.357398254286 0.100001478862 
1821 0.358864391423 0.105600992559 
1790 0.359432671637 0.10730545202 
1971 0.364526273078 0.0987459423819 
1914 0.347677363762 0.0991355393374 
1778 0.386539218443 0.106405942508 
1795 0.346537079841 0.10748698098 
1869 0.373897226012 0.103538038681 
2158 0.361384006114 0.0893786620812 
2161 0.363482002406 0.0914468053114 
1914 0.38814988902 0.0997878313096 
1931 0.36606509412 0.102233483727 
2085 0.367270896274 0.0938871205583 
