2575 0.509433962264 0.07236071075 
2278 0.504421865742 0.0860271648489 
2216 0.521976823757 0.0858703498996 
2408 0.514893558121 0.0787102400133 
2361 0.53359725633 0.0799254673343 
2446 0.514012387318 0.0775338045011 
2160 0.493215462112 0.0872090584574 
2291 0.497181674703 0.0854750332744 
2368 0.490365397067 0.080031445296 
2600 0.473048595219 0.0737774273572 
2356 0.453747515684 0.0807146343016 
2440 0.519681759202 0.0762084485761 
2260 0.502127439919 0.0855640112382 
2579 0.517242047723 0.0749096827812 
2290 0.49368460878 0.0823694040032 
2374 0.471226127055 0.0796012665558 
1941 0.497266352533 0.097423204676 
2372 0.524165735999 0.0793142344649 
2612 0.489076895592 0.0762121009111 
1992 0.480610819807 0.095189449058 
