2465 0.508915294563 0.0819751703301 
2251 0.507701075412 0.0848555770811 
2815 0.490209657752 0.0708438398977 
2227 0.474081224884 0.086782014009 
2560 0.473195339452 0.0772975248975 
2407 0.498549701287 0.0841071576914 
2369 0.481941865046 0.0813081024186 
2603 0.512599932151 0.0752413493481 
2196 0.498045822614 0.0860753477677 
2630 0.497940900681 0.0747595605565 
2206 0.500037767203 0.085784542828 
2681 0.494723299522 0.072459655616 
2182 0.499182894234 0.0890249140894 
2106 0.499901078639 0.0930014125971 
2336 0.487148216298 0.0841058132569 
2587 0.480000257604 0.075993426264 
2394 0.470357299476 0.0808132948399 
2306 0.501383920506 0.0842086720867 
2452 0.506846057146 0.079564392009 
2285 0.513703525431 0.0863737118759 
