2823 0.649744125511 0.071065210366 
3181 0.622925311202 0.0636011960895 
2959 0.635296105431 0.068220410577 
2966 0.612166467206 0.0679939150808 
2991 0.637826726385 0.0673330018717 
2933 0.648574253037 0.0683839758995 
3022 0.592485071046 0.0660988701966 
3001 0.613208961438 0.0668906679437 
3036 0.660441370223 0.0653663846343 
2885 0.644631965622 0.0704706126975 
2941 0.615273456758 0.0678972008296 
2914 0.611285535367 0.069457490521 
2887 0.629842242886 0.0693293591009 
2911 0.590592154976 0.0694248256852 
3303 0.61991614573 0.061531759426 
3331 0.646110669207 0.0616318793054 
2774 0.626205193822 0.0726734690659 
3016 0.583032251648 0.0660161299678 
2878 0.633963935792 0.069227837711 
2724 0.646351088432 0.0719351689549 
