2076 0.373381485494 0.0965691585411 
1852 0.39321384225 0.105916461966 
2097 0.37271708817 0.097011089791 
1811 0.393911627522 0.106805691635 
2104 0.345740965144 0.0951292115143 
1955 0.395010224949 0.103477680854 
1597 0.341077799337 0.125138871503 
2194 0.375191996536 0.0924054545248 
2172 0.331486424298 0.0914763575702 
1919 0.380704815982 0.104494146068 
2000 0.37408147963 0.0981840477381 
1817 0.362562579084 0.111829165979 
2106 0.357003180028 0.0965807287959 
1856 0.371227748903 0.108888993618 
1888 0.352004236166 0.105621194069 
2182 0.365127946668 0.0921610472842 
2192 0.358196908204 0.0931757034065 
2239 0.359472132905 0.0889798812076 
1993 0.384130647468 0.0990082438603 
1946 0.374275073841 0.102269808656 
