2528 0.463811972574 0.0776354825949 
2252 0.49764362076 0.0881613444679 
2475 0.52018987981 0.082913973336 
2456 0.527106063073 0.079764848966 
2532 0.494533414953 0.0780018907604 
2260 0.490439425112 0.0884261000376 
2537 0.524762880639 0.0798769163317 
2419 0.491984099098 0.0812404408573 
2606 0.47636863648 0.0774282904835 
2526 0.490630773291 0.0793587316904 
2610 0.488895700037 0.07534373683 
2299 0.502253917177 0.086140651498 
2605 0.480908608238 0.0778206499837 
2438 0.480653053414 0.0817929155732 
2374 0.495729195179 0.0830115753901 
2417 0.482084376142 0.0839038616667 
2548 0.484142090013 0.0803315640759 
2429 0.505789943061 0.0830224840502 
2473 0.53059120768 0.081355798383 
2609 0.507765601451 0.0758283680742 
