2226 0.38813987427 0.0905730803772 
2185 0.430478347402 0.0930544117311 
2169 0.422913402157 0.095823923864 
2179 0.438568118735 0.0918098232515 
2128 0.432425288977 0.0940264219764 
2185 0.416832521218 0.0942575721182 
2284 0.416300089729 0.0893090161513 
2225 0.429556583854 0.090285109394 
2600 0.433199684627 0.0782391783008 
2253 0.418928214801 0.0939393098858 
2322 0.410476354478 0.0886135297157 
2078 0.447142444797 0.0995119395536 
2228 0.41375171083 0.0923694159618 
1994 0.422463277686 0.102716338923 
2063 0.421208889751 0.0971809032743 
2394 0.3954848276 0.0864848954744 
2193 0.41754985755 0.094821937322 
2403 0.448092603378 0.0854096898661 
2383 0.439526786089 0.0857444571465 
2345 0.428365845859 0.0868744003838 
