1922 0.3744472767 0.107047059512 
1884 0.400949980098 0.104057483084 
1938 0.362070833441 0.105827362834 
2095 0.3959291782 0.0989626831393 
2029 0.382425705978 0.102514661673 
2128 0.345810331462 0.0952145340507 
2120 0.365478043489 0.097657171242 
2260 0.37935823437 0.0913298336983 
1962 0.359747241828 0.103898068642 
1835 0.366650324127 0.11125268971 
2157 0.379789132198 0.0956631618585 
1903 0.347959237275 0.106495738562 
1771 0.37627731045 0.113687245949 
1976 0.374449896302 0.102960680232 
2281 0.347352270735 0.091894479879 
1980 0.371047647906 0.10169763023 
2050 0.36682432103 0.0994144339071 
1948 0.372618558818 0.106540141911 
2108 0.341026066744 0.0969164334338 
1994 0.374421052632 0.102722431078 
