2491 0.503087101068 0.0816860990147 
2427 0.499728829849 0.0830031665122 
2395 0.483629710024 0.0851045927951 
2592 0.515807951235 0.0787205710731 
2736 0.492873067504 0.0747985271006 
2358 0.479134870838 0.0864283481007 
2222 0.465828120547 0.0911461849152 
2711 0.466799432059 0.0747001253895 
2534 0.472699051603 0.0801449479105 
2392 0.49715754713 0.0847696907788 
2279 0.51172874713 0.0882154745975 
2639 0.472605247872 0.076916338359 
2400 0.50330160185 0.0839109400713 
2444 0.479504172803 0.0832885882016 
2512 0.503821503921 0.0805728399546 
2311 0.508162441233 0.0891565988146 
2592 0.506284759057 0.0796873493104 
2576 0.499346684261 0.0778448342777 
2514 0.497136152102 0.0819030667038 
2245 0.49654092252 0.09097997762 
