2784 0.60916485608 0.07337754305 
2991 0.632219454706 0.0687389252938 
3205 0.663694794152 0.063021393972 
2709 0.633556018971 0.0757129246867 
2972 0.612926554432 0.0695495004961 
3105 0.633486312398 0.0661558977455 
3165 0.649887860504 0.0643007964273 
2930 0.631513838173 0.0696883638194 
2945 0.621345624936 0.0691593664052 
2797 0.644686517014 0.0731441682156 
3163 0.665439026317 0.0646346222239 
3235 0.637195969959 0.0618263629199 
2940 0.620340136054 0.0713849914966 
3225 0.63832261065 0.0651122006046 
3265 0.640954962404 0.0647592494755 
3268 0.598269742679 0.0634872295994 
3189 0.629813119277 0.0651591210178 
2919 0.659219360142 0.0700561331095 
3147 0.626868279356 0.0649728394669 
3032 0.612555647155 0.0683800494641 
