2184 0.425426949316 0.0958654308411 
2167 0.39579777665 0.0967518969971 
2076 0.44352877438 0.0989074163256 
2138 0.41537319713 0.0966186680381 
2254 0.408745120653 0.0937721788503 
2463 0.431800190797 0.0843100478008 
2329 0.431395273968 0.0911252092589 
2002 0.396207335647 0.102854797633 
2207 0.444485960145 0.0949211673461 
2324 0.420843461613 0.0914345005055 
2223 0.416912144993 0.0928842672753 
2202 0.399195378819 0.0960551999637 
2180 0.400157070464 0.0958101167137 
2326 0.428070194292 0.0892742004815 
2236 0.423238161248 0.0926128677951 
2289 0.437506824783 0.08976637402 
2249 0.43651375739 0.09299677457 
2338 0.419344837171 0.0881547752689 
2230 0.415710057845 0.0917994148245 
2086 0.449464324234 0.09973553256 
