3356 0.633668970447 0.0632852530683 
3128 0.614811085538 0.0673741968738 
3064 0.634187727398 0.0687116583185 
3126 0.645729366602 0.0648587452015 
3232 0.60813653165 0.0653142833944 
3038 0.635541623471 0.0695855136496 
3250 0.635665056459 0.0646162810375 
2942 0.623107380155 0.0701241142284 
3251 0.637269525903 0.0634423680204 
3102 0.610918586095 0.0679626174626 
2830 0.634280768075 0.0733270107226 
3151 0.659526529575 0.0660373429169 
3333 0.64955906173 0.0628313598596 
2959 0.629521074414 0.0703944589914 
3201 0.629421962609 0.0654845807237 
3123 0.60074125068 0.0692866262687 
3175 0.630317390345 0.0665888999968 
3319 0.638219832195 0.0616847048367 
3160 0.633058583429 0.0666865082504 
2912 0.640377980328 0.0730714227474 
