3187 0.634168915102 0.066547185794 
3278 0.622678053987 0.0661425766356 
2841 0.636401231851 0.0743623515178 
3249 0.667623253523 0.0652877742814 
3325 0.627260700271 0.0639845828885 
3232 0.665916542934 0.0660273215169 
3423 0.625576979257 0.0624338117148 
2953 0.648724589109 0.0719703701823 
3220 0.647317270073 0.0672099143016 
3272 0.634983573992 0.0660693139277 
3227 0.615133158783 0.0666079562179 
3343 0.608922216573 0.0626102754268 
3353 0.635618746551 0.0646751934747 
3539 0.604466227859 0.0597500988728 
3232 0.654074624094 0.0654846157415 
3035 0.630593080724 0.0723156919275 
3296 0.654319302237 0.0642993932499 
3483 0.641929419193 0.0616317326597 
3295 0.637199423499 0.0656427785784 
3252 0.612116274422 0.0661417421179 
