3218 0.608626073986 0.0665726038251 
3383 0.63855884613 0.0631724005438 
3196 0.625995089068 0.0691171468118 
3213 0.638528441622 0.0697484907891 
3324 0.639883280187 0.0669902720955 
3205 0.647936978394 0.0684341120037 
3424 0.633793768068 0.0635928328417 
3042 0.642389928837 0.070678042878 
3220 0.653590559738 0.0666225933545 
3319 0.654067446868 0.0645309934782 
3426 0.635449503794 0.0629679290717 
3093 0.641820473865 0.0694905170184 
3354 0.667136150234 0.064814581936 
2813 0.634904134903 0.0756931117508 
2763 0.625384448384 0.0771695326917 
3335 0.640245273683 0.0641407175304 
3386 0.640555785245 0.0633958696326 
3645 0.620211496522 0.0594958269897 
3272 0.639671504965 0.0669017379679 
3275 0.636256792233 0.0662195112644 
