2005 0.397766198798 0.107139017352 
2115 0.375267038473 0.102469367379 
2123 0.381836590535 0.102652239816 
2074 0.37349821618 0.105624306962 
1909 0.371449514385 0.110618897092 
2175 0.38200579124 0.101094259893 
2416 0.376131074288 0.0914039388486 
2317 0.370762327969 0.094242094137 
2355 0.379609424751 0.092540397474 
2138 0.359563275898 0.102431002034 
2141 0.354242353491 0.102293223208 
2383 0.385307012943 0.0922658069186 
2187 0.360399478941 0.0986088654387 
2002 0.373583963654 0.107250399411 
2040 0.371396374326 0.109639499633 
2120 0.371267565783 0.101352874776 
2182 0.370207989738 0.100427203592 
2021 0.374559125424 0.108556862309 
1965 0.384591899044 0.108526247329 
2226 0.354911867071 0.0993347928596 
