2561 0.408311860701 0.0862156681893 
2647 0.4447581102 0.0841993891385 
2510 0.446536339554 0.0847989324198 
2495 0.405486644089 0.086699446927 
2388 0.399172022526 0.0908825653694 
2325 0.414326567472 0.0921780258235 
2229 0.431492487105 0.0949803066832 
2456 0.430180959554 0.0877041265496 
2423 0.41981618633 0.0906838600871 
2199 0.419527555475 0.0991603480812 
2173 0.41370724751 0.0997927064885 
2374 0.428536076829 0.0914576839645 
2366 0.443846397633 0.0911855588422 
2508 0.408837658972 0.0862405563529 
2197 0.444616329595 0.0982320079851 
2336 0.417317527229 0.0929749855563 
2404 0.447249137106 0.0904576194536 
2519 0.441918390029 0.0883343091335 
2418 0.42801244676 0.0901485547699 
2414 0.4177485144 0.0893449644906 
