2864 0.525655571264 0.0756052434064 
2730 0.520540002807 0.083325704451 
2619 0.507454423976 0.0833390999332 
2873 0.521671045534 0.0751298435787 
2741 0.499674746332 0.0801885179376 
2827 0.480566016608 0.0788137166498 
2908 0.529708388486 0.0776450035241 
2790 0.516539166681 0.0788413476181 
2730 0.528256398049 0.081746791057 
2840 0.502860865125 0.076845863189 
2813 0.488724967413 0.0804956896551 
2924 0.491704709308 0.0755125070528 
2502 0.507343097488 0.0881427707955 
2661 0.478454727059 0.0835223750211 
2958 0.502593913175 0.0758476688578 
2649 0.490166110031 0.0819459709983 
3175 0.485113798605 0.0701909525384 
2813 0.514379305646 0.0787627947683 
2621 0.519548561437 0.0844304363376 
2905 0.509985775575 0.0751191582352 
