2500 0.426941072964 0.0901295464998 
2328 0.432599828252 0.0934699039287 
2256 0.438180025262 0.0966560346356 
2741 0.423526622038 0.0799749876876 
2412 0.426427002155 0.0900059976579 
2189 0.419553946647 0.103286517335 
2215 0.418626698569 0.102072846598 
2417 0.422868874501 0.0934313137373 
2629 0.427286556379 0.085083903784 
2199 0.419608556296 0.10003004876 
2248 0.452504557784 0.0968921611677 
2445 0.431256389286 0.091688816193 
2710 0.403410453681 0.0821312106787 
2470 0.452238322674 0.09031270238 
2588 0.402544337545 0.0853177765542 
2617 0.399314309725 0.084037646115 
2314 0.41533285813 0.0954972486824 
2430 0.433151257046 0.0915261233181 
2339 0.438429646093 0.0961779657848 
2286 0.432684527064 0.0973397348278 
