2103 0.359607246446 0.104233036946 
2079 0.379822072614 0.104957997716 
2434 0.362580618658 0.091518865793 
2313 0.363173930894 0.0952518259611 
2043 0.353120794696 0.107180977955 
2313 0.370957495084 0.0967131350347 
2191 0.376359737178 0.100083842855 
2259 0.38821732876 0.0974452251854 
2383 0.347580391416 0.0956201623561 
2293 0.34893607744 0.0964295641842 
2137 0.370527005216 0.104205164792 
2060 0.374694234129 0.106680969108 
2274 0.362530777348 0.0981124142631 
2099 0.368639405559 0.103691219724 
2054 0.386621894542 0.106554310534 
2174 0.380098884673 0.101989191675 
2225 0.356335781836 0.0985438147225 
2194 0.384295769835 0.100839426866 
2077 0.376643319614 0.1087115947 
2136 0.379274684137 0.10739500468 
