3207 0.628158563389 0.0693198469236 
3328 0.622196517898 0.0665395116345 
3320 0.626861738174 0.0670333983404 
3463 0.622161264707 0.0642699234822 
3454 0.620862580504 0.064475088646 
3261 0.63402275236 0.0687486584692 
3237 0.627812524129 0.0683113273106 
3150 0.650445146239 0.0698630639709 
3051 0.64873189593 0.0712760706796 
3077 0.624790837462 0.0704101007229 
3167 0.62937592727 0.0718244933552 
2883 0.643092447464 0.0755426867327 
3187 0.611101526106 0.0696492149881 
3414 0.62961308652 0.0649781610626 
3528 0.613857948586 0.0625867981747 
3331 0.65217489193 0.0662052619926 
3292 0.634273391346 0.0669824555408 
3207 0.642385086584 0.0677123112053 
3426 0.649834400851 0.0655892539284 
3206 0.651664717348 0.0690380116959 
