3247 0.614961199728 0.0700531579109 
3535 0.642767233332 0.0635801770712 
3183 0.64049885339 0.0693973235321 
3485 0.607310390336 0.063798702463 
3038 0.636839420022 0.0742501872089 
3314 0.631872275599 0.0668646963 
3363 0.63530487261 0.067794114368 
3284 0.614934916647 0.0705003044835 
3302 0.649191472609 0.0683638108288 
3302 0.647736563209 0.0681912376987 
3214 0.610848396228 0.0715411403727 
3387 0.651570386987 0.0653217891194 
3475 0.64561842692 0.0658294758081 
3877 0.641323550271 0.0582579240222 
3425 0.631912408758 0.065708029197 
3229 0.659019134311 0.069364540761 
3255 0.649385560675 0.0681643625191 
3248 0.640037868874 0.069802698927 
3175 0.643535283559 0.0704765878388 
3065 0.625309910614 0.0737052056827 
