2883 0.523321483279 0.0775847025925 
2872 0.505103254594 0.0789026189357 
2739 0.503881203538 0.0814952937365 
2655 0.508548295989 0.083726581623 
2521 0.492223698386 0.0893448474153 
2775 0.487613282164 0.0795570734915 
2726 0.510563767743 0.0825661152477 
3030 0.473830110223 0.0742958385585 
2693 0.518929621036 0.0831888051044 
2748 0.492363751007 0.0813702731952 
2903 0.486485400559 0.0775381846985 
3007 0.502810109743 0.0737386203026 
2468 0.512000486095 0.0909299490612 
2884 0.499136142747 0.0770223360549 
2515 0.484037232104 0.0911625509291 
2795 0.488286257744 0.0794585040159 
2596 0.500625782227 0.0851554226437 
2724 0.46187119905 0.0824257323519 
2589 0.459825594491 0.088657206294 
2919 0.495832905207 0.076711648457 
