2404 0.352469276996 0.0938799619472 
2125 0.351051616243 0.104771238178 
2143 0.372285587666 0.106170768899 
2286 0.377192829034 0.100326574115 
2112 0.390272419588 0.105991943978 
2368 0.379952720672 0.0945652518047 
2079 0.365037756722 0.108110179886 
2337 0.398857973866 0.0953319147116 
2513 0.354016907011 0.0906669567379 
2255 0.3623692144 0.100427131362 
2115 0.370618398355 0.106414598053 
2136 0.372666011512 0.105445534419 
2193 0.365331145449 0.103072724372 
2104 0.374556859763 0.108071864753 
1927 0.387509729646 0.115155220279 
2221 0.378478989894 0.102503390088 
2200 0.375968005817 0.100218994274 
2215 0.393775671406 0.100547985782 
2057 0.347153760148 0.108404276652 
2330 0.382912546387 0.0963971234904 
