2725 0.413359387901 0.0818161593365 
2549 0.436559698711 0.088977388635 
2460 0.401557483643 0.0916983734303 
2347 0.400992524121 0.0970672882367 
2083 0.415714834189 0.106765459279 
2323 0.427748246029 0.0943586439547 
2291 0.431696672122 0.0981342062193 
2656 0.414024849397 0.0867481645331 
2349 0.416815618683 0.0963490131929 
2290 0.409674461256 0.0985424717801 
2359 0.418317828307 0.093971185022 
2360 0.417974541449 0.0951793297539 
2480 0.424096434115 0.0912252565059 
2554 0.437241872027 0.0875179221554 
2522 0.436849719574 0.0892290027547 
2363 0.418424560438 0.0947259219686 
2470 0.401921986964 0.0931838538926 
2283 0.43364464493 0.10094748396 
2669 0.40507295237 0.0846075415332 
2250 0.450376633188 0.100579601258 
