2270 0.367010944967 0.101039992072 
2312 0.375247567568 0.0985277027027 
2092 0.387694733824 0.108837764623 
2299 0.376488496499 0.101279125712 
2117 0.376546154391 0.108496838619 
2344 0.40721108742 0.0974130463753 
2402 0.372400158165 0.0945258683482 
2266 0.341140134133 0.102507004501 
2092 0.391756272402 0.107890531661 
2204 0.390507075472 0.103510664233 
2422 0.350182666309 0.0931856178662 
2325 0.370473896964 0.0990844317107 
2380 0.370188813979 0.0974290766177 
2221 0.377654762708 0.1022187718 
2163 0.369316081331 0.107936691312 
2275 0.368069073094 0.100192647802 
2653 0.361131940388 0.0881384592196 
2430 0.352631903733 0.094309240975 
2258 0.377692682279 0.102221352207 
2275 0.366731855237 0.100304335406 
