3504 0.609469524026 0.0654569969181 
3444 0.629712701246 0.0667241010118 
3153 0.650461348214 0.073110216247 
3617 0.61946456214 0.0647321428571 
3221 0.645208860464 0.0723174993402 
3471 0.619359995391 0.0671904028111 
2902 0.637190552483 0.0779465347046 
3403 0.643150936466 0.0674798016892 
3306 0.65175479715 0.0697198259567 
3293 0.626227890381 0.0702936404008 
3297 0.633245382585 0.0684257763927 
3355 0.653090264325 0.0687666228357 
3695 0.614758534835 0.0636890586308 
2981 0.653239871209 0.0766091926314 
3031 0.64006697349 0.0755614287953 
3173 0.607964392626 0.0729183078619 
3287 0.642541024743 0.0703508775264 
3326 0.642235417919 0.0676396666416 
3381 0.625060996347 0.0671255563606 
3733 0.665963573054 0.0610894184411 
