2966 0.503864864561 0.0790761190131 
3028 0.501502592384 0.0777261318978 
2993 0.518926232794 0.0781521448616 
2938 0.519003136467 0.0791397968385 
2905 0.522658315696 0.0808057453068 
2889 0.509040574444 0.0809774850765 
2799 0.52523899663 0.0820171590949 
3000 0.507663250284 0.0787345846179 
2753 0.511635791258 0.0841218670541 
2855 0.50799098752 0.0826987313067 
2965 0.497133510943 0.0797648003574 
2955 0.518277277751 0.0787171364282 
2901 0.520699758703 0.0801043821096 
2896 0.495908714265 0.0804997151636 
2851 0.478708168931 0.0818780140289 
2881 0.508233416043 0.0805119532022 
3033 0.494639962636 0.0767689359597 
2880 0.514419433404 0.0832250429545 
2990 0.499885739765 0.0783907072987 
2874 0.494486764756 0.0801201780931 
