2207 0.373848836946 0.105333118163 
2337 0.396025243341 0.101305620922 
2427 0.381643288224 0.0971985133576 
2518 0.357183132147 0.0922324193933 
2504 0.353482522508 0.0951293094844 
2537 0.356059979114 0.0948263334713 
2385 0.36855034795 0.0978511203572 
2410 0.351099220176 0.0957254853161 
2392 0.381319232538 0.0993108096811 
2375 0.369217490158 0.098651870487 
2268 0.373317169936 0.101980590148 
2204 0.370578497403 0.105391948432 
2252 0.398312760856 0.102286791804 
2471 0.383474584842 0.0933631596513 
2383 0.381665268456 0.0984289796561 
2104 0.378983131385 0.110060658708 
2361 0.383911404735 0.0971869309279 
2244 0.35553129873 0.103970121408 
2331 0.378746220001 0.100719205074 
2140 0.39205959971 0.108184304865 
