3652 0.644076380808 0.0645759188282 
3328 0.638322642671 0.0704388961077 
3152 0.624079949238 0.074323842005 
3247 0.630224610126 0.072414250966 
3417 0.642695182784 0.0702566139791 
3147 0.650841938045 0.0748185563939 
3382 0.613629307667 0.0696946933072 
3634 0.61489516839 0.0652992068841 
3422 0.644003915094 0.0686451835565 
3620 0.623149580202 0.0654102684489 
3207 0.633112479538 0.0729821108426 
3504 0.638283757756 0.0669889970753 
3551 0.629459634499 0.0656185762959 
3404 0.661174017123 0.0687003421891 
3556 0.659173976607 0.0662267962072 
3371 0.653745179471 0.0687854586917 
3619 0.623514947228 0.0650017095374 
3576 0.661263943638 0.0639865351281 
3258 0.619342068922 0.0718681913032 
3807 0.649548295603 0.0621686488917 
