3293 0.660040078334 0.0726377123468 
3895 0.62976320349 0.0627278123595 
3537 0.649892585577 0.0685204193402 
3545 0.64980325233 0.0691481672143 
3258 0.614664682326 0.0750048905288 
3525 0.623005347441 0.0679578126551 
3584 0.663909501757 0.0684327139011 
3676 0.627328728004 0.0662731342978 
3151 0.636080217042 0.0759945322787 
3711 0.630599377584 0.0663614655044 
3596 0.618066946536 0.0682714629263 
3775 0.635771237847 0.0643492887605 
3523 0.617474667196 0.0696168679571 
3810 0.606655032605 0.0635045858317 
3652 0.631938455641 0.0679339828617 
3659 0.642031559532 0.066272457135 
3758 0.651110194632 0.0654613227878 
3860 0.655143382638 0.0622986312592 
3721 0.619462546187 0.0637445414846 
3558 0.624678554866 0.0677384139229 
