2350 0.364249399051 0.101858154821 
2497 0.371722632706 0.0979099086923 
2368 0.366943265556 0.101888948713 
2458 0.379078374751 0.0980211849758 
2305 0.367050456428 0.10405825148 
2429 0.374393381218 0.0996496120521 
2332 0.380969733345 0.10305761275 
2541 0.363126623121 0.0974382968049 
2346 0.352807552155 0.102250570034 
2601 0.352845747237 0.0918206391158 
2437 0.342793837064 0.0996546940074 
2328 0.385288432627 0.102881306108 
2480 0.3677069473 0.0971010493529 
2285 0.387782518324 0.107406875615 
2379 0.383483925194 0.100255437067 
2304 0.3793633227 0.10223197817 
2456 0.361661849123 0.0987928362781 
2422 0.386941353756 0.0989332824144 
2400 0.370803740653 0.0989797034137 
2451 0.365549029205 0.0988971488008 
