3251 0.492606772554 0.0749635784245 
2847 0.511886368424 0.0865972746506 
3075 0.497510254284 0.0814799086461 
2868 0.516459506418 0.0883736031937 
3252 0.496061943047 0.0761291487955 
3173 0.495819810735 0.0778965600088 
3234 0.498992709379 0.0765220457531 
2990 0.499258813432 0.0825548784565 
3118 0.482470204692 0.0791872093955 
2829 0.499275515973 0.0849418866624 
2731 0.506299380738 0.0878000022879 
2912 0.513399371662 0.0855671878487 
3338 0.498906596369 0.073493480768 
2958 0.528281052821 0.0816293224378 
3134 0.488319297349 0.0789010662562 
3324 0.490340271093 0.0740265391903 
3007 0.509472342312 0.0820476180578 
3058 0.500577625197 0.0811646844858 
2974 0.502989649703 0.0840923036834 
3151 0.512741177963 0.0775076756473 
