2898 0.43141627273 0.088824628636 
2976 0.428247505794 0.0851116093923 
2631 0.43410300266 0.0942945885595 
2701 0.418913542322 0.0966299178356 
2550 0.438333333333 0.0977058823529 
2438 0.438743283704 0.103222027398 
2781 0.433162843377 0.0913030458974 
2992 0.433421325224 0.0836358054599 
2884 0.444343334546 0.0875666783665 
3031 0.412545568513 0.0832120234894 
2756 0.444428825364 0.0918585168323 
2950 0.431212403626 0.0870546683046 
2791 0.450497931256 0.0921559035303 
2434 0.43026121242 0.103032397425 
2634 0.454006300766 0.0943528547977 
2616 0.45116754567 0.0952168964496 
2795 0.427632520208 0.0911562656484 
2823 0.419836042352 0.089939888098 
2717 0.428940009934 0.0931469489873 
2879 0.42622822708 0.0892467177812 
