3030 0.495399776725 0.0837157973537 
3174 0.52100558014 0.0804454105576 
3113 0.486768578585 0.081802680808 
2970 0.512479593382 0.0865758642307 
3165 0.518647816128 0.0808585419792 
3128 0.483283516881 0.0809618904144 
3012 0.5036380437 0.0835364170941 
3065 0.500954182909 0.0832672405356 
3285 0.484265530273 0.0776800662049 
3062 0.515761058864 0.0833055263028 
3162 0.488428231846 0.0800105841753 
3242 0.507477034272 0.0775980059528 
3286 0.518611491454 0.0774128061767 
3077 0.500241008226 0.0823753087071 
3302 0.506179568313 0.0782418604562 
3227 0.530398550163 0.0779432379683 
2916 0.507774063598 0.0864168166623 
3077 0.521112879993 0.0826923389323 
3236 0.513431268053 0.0781698931831 
3297 0.501463429429 0.0789602637205 
