3308 0.5152366849 0.0781651379612 
3143 0.503777696479 0.0813864941385 
3579 0.499459932584 0.0713788130621 
3424 0.511438528858 0.0759305364913 
3254 0.5239514671 0.0793822887697 
3248 0.485009415615 0.0814203854501 
3112 0.518923145306 0.0821683763636 
3315 0.509691266801 0.0778064398166 
3047 0.517336614711 0.0846985233798 
3199 0.514846586144 0.0809143502242 
3136 0.483808582646 0.0833094247597 
3182 0.509309450859 0.0810280658339 
3129 0.524833572987 0.0822735261223 
3200 0.515073872128 0.0804841169715 
3174 0.515792513256 0.0824204599149 
3312 0.483037246111 0.0782775874299 
3221 0.509969475916 0.0803495557193 
3182 0.478052740461 0.0812774962683 
3182 0.502688974419 0.082204363365 
3427 0.503479263008 0.0741326459904 
