3657 0.63273132451 0.0713773942496 
3876 0.636277443822 0.0666145578029 
4071 0.644667837535 0.0639719022119 
3699 0.641760380622 0.0693051031303 
4409 0.635087321387 0.0595713313676 
3936 0.626903875712 0.0667424353094 
3895 0.629957643434 0.0664749390321 
3501 0.643564002969 0.0727175647597 
3741 0.653947421178 0.0697374817898 
3823 0.618833113223 0.0686427782208 
3635 0.624924359115 0.0699188235779 
3957 0.646644091781 0.0656698549479 
3861 0.654859177727 0.0662048802201 
3930 0.62411744501 0.0667672726347 
3755 0.640336044947 0.0688499380899 
4047 0.617564579292 0.0626571244147 
3795 0.643706934032 0.068580906378 
3622 0.619276692663 0.0728173096831 
3643 0.641502572898 0.0703666380788 
4236 0.655845075408 0.0614128254147 
