658 0.499595162188 0.0710905476697 
623 0.457103123663 0.0680384507381 
493 0.409077094519 0.0877412369567 
556 0.433369252874 0.0874837239583 
690 0.455862118908 0.066333550583 
579 0.451812250295 0.0799977903768 
557 0.439079840857 0.0765517028628 
590 0.397769306791 0.0791759318086 
574 0.440053389044 0.0702621757486 
665 0.48729693875 0.0692840917624 
566 0.438233995585 0.0741266556291 
594 0.435688253434 0.0703690075694 
739 0.376849787148 0.0630511352119 
681 0.364506104872 0.068464178228 
539 0.495057151684 0.0762468141798 
641 0.491869285121 0.0733006351309 
598 0.445651568333 0.0769328200735 
621 0.433223446169 0.0705782141996 
491 0.389809262459 0.0928702103872 
733 0.46213102461 0.0667734678574 
