776 0.655888030888 0.0465822965823 
682 0.49868112544 0.0572814901654 
1123 0.509031454376 0.0374259119199 
775 0.565503450945 0.0533857246268 
652 0.6038647343 0.0561796556161 
877 0.553612123975 0.0483911298491 
838 0.512041728763 0.0528100678921 
966 0.584958865836 0.0421215570618 
624 0.565048465914 0.0649872715782 
741 0.594103773585 0.0504501722073 
833 0.635728003841 0.0523404886702 
836 0.508758818606 0.0519450755311 
916 0.486280072009 0.0433949169288 
995 0.515693265706 0.0412795661126 
730 0.61221834121 0.0578860656424 
656 0.580659910082 0.0599265919886 
690 0.603282133024 0.0588038770549 
650 0.630735531473 0.0589010153802 
682 0.606227106227 0.0554945054945 
861 0.669500870575 0.0498774746889 
