518 0.382408747387 0.227415983277 
614 0.21384978436 0.190800716088 
490 0.363395225464 0.238433482963 
504 0.43015228091 0.25237422786 
625 0.332268200458 0.195145656921 
521 0.362567494169 0.252076743666 
473 0.355595477121 0.270976434534 
591 0.341646939466 0.214871491376 
463 0.367597885881 0.270664797037 
604 0.300498993742 0.199666418548 
599 0.428892964321 0.206367400245 
400 0.321854855479 0.30673216885 
500 0.27916041979 0.228127602865 
520 0.333653753725 0.229052516902 
535 0.307728249696 0.233218079307 
459 0.283551198257 0.247916666667 
469 0.421218897526 0.261287402832 
527 0.414540856646 0.237079184448 
447 0.437820942175 0.255493227655 
594 0.377678671603 0.215541905082 
