532 0.290523397858 0.176746617177 
538 0.278854195707 0.163234132516 
517 0.279963270829 0.177737773052 
446 0.361023974905 0.208369510419 
485 0.257086898258 0.179685084012 
629 0.337878066206 0.136232833214 
476 0.148813274522 0.180332388154 
602 0.303337207372 0.146511290055 
530 0.25070754717 0.168944575472 
600 0.230501914433 0.153362743466 
386 0.345763260026 0.229046733506 
573 0.395989537925 0.160276809067 
483 0.235762273902 0.175523255814 
514 0.360511998446 0.166329665792 
520 0.338597250264 0.178958153062 
457 0.257463910761 0.18978291776 
585 0.25409941071 0.155259842856 
460 0.280595638494 0.187757676033 
510 0.259778453093 0.175031859622 
416 0.36443831013 0.214661845895 
