561 0.467663906449 0.107041892975 
610 0.371402042711 0.103678518761 
529 0.445262826566 0.11370593327 
633 0.482575279006 0.0960021188671 
450 0.437146344169 0.131828100152 
517 0.430539461826 0.104454342088 
612 0.406525285481 0.0934662180533 
661 0.340643827674 0.0915859991429 
496 0.39725889348 0.129629396352 
532 0.334240660785 0.117307271134 
649 0.389012963676 0.0960852265435 
463 0.389505840072 0.121954177898 
523 0.378773404662 0.108300296141 
593 0.349004409245 0.103181958604 
702 0.429893897315 0.0837902632391 
550 0.412780656304 0.111202011938 
645 0.423190203069 0.0954987598822 
438 0.363653655938 0.124243894088 
512 0.46279296875 0.113446044922 
676 0.391047422071 0.0932129315015 
