659 0.569523376525 0.0643801621581 
861 0.566304915559 0.0553163629505 
616 0.538186835484 0.0719414515867 
662 0.61429649189 0.0666741324029 
937 0.531373385978 0.0510201019102 
1063 0.496473077828 0.0456662943805 
610 0.561414290397 0.0763018272698 
888 0.580237532365 0.0520252870652 
940 0.506486601446 0.0500086399405 
845 0.596828590024 0.0608469913023 
713 0.604283510937 0.0652177246915 
703 0.619509594883 0.0685401119403 
655 0.631323922167 0.0623271175124 
631 0.552492088608 0.0695213607595 
845 0.499231224128 0.0563627291544 
576 0.578267279507 0.0771032976325 
849 0.529236839006 0.0538621775998 
534 0.542250888016 0.0825460950645 
685 0.61732944181 0.0654186428311 
743 0.608618137783 0.0581879877557 
