474 0.342991984813 0.148188673276 
454 0.322799779978 0.154111661166 
486 0.344466139143 0.144651114993 
422 0.269803736108 0.163593639158 
502 0.375211295615 0.145960525007 
549 0.284830847581 0.131043106584 
538 0.207470036235 0.131306327232 
541 0.284159055263 0.127465633361 
462 0.285606060606 0.143576839827 
497 0.300869608927 0.130861063637 
647 0.320076489222 0.109611372943 
495 0.196102191255 0.132823386852 
525 0.341455876759 0.13771871434 
457 0.243354845767 0.160481842048 
532 0.368364183031 0.13398712769 
508 0.357177974435 0.140415437561 
500 0.352704860765 0.139188042719 
599 0.284797466244 0.117990498416 
671 0.356031852348 0.108781722111 
627 0.364864864865 0.121055568843 
