584 0.517495080845 0.106574557276 
701 0.522352941177 0.085329768271 
646 0.571975556931 0.0925897277228 
751 0.514308531878 0.080757243001 
598 0.615564462258 0.0980589651525 
572 0.553625970853 0.107201035576 
692 0.583556004911 0.0906348547219 
680 0.594648239359 0.0898224043716 
583 0.485867237687 0.10392219843 
673 0.588305135055 0.0967089640843 
483 0.391930984606 0.116284826256 
696 0.530197486535 0.0823608617594 
683 0.622392211405 0.090763243296 
609 0.549368541906 0.0955609999453 
599 0.565830067539 0.0969871313822 
824 0.478989813243 0.0813879456707 
712 0.658570826899 0.0856322242501 
488 0.543738489871 0.11964565855 
692 0.494293556776 0.0892835644804 
472 0.503336510963 0.13366345373 
