704 0.359838274933 0.0559240081336 
770 0.388359170613 0.0521646378817 
586 0.495937730811 0.0721893168949 
720 0.463688700839 0.0592240641835 
750 0.353188087148 0.0541378876378 
583 0.408172596085 0.0668214506834 
537 0.443752517272 0.0752470799641 
604 0.52046300124 0.0648247668917 
645 0.379812533891 0.0657379433815 
557 0.391050932568 0.0773192152877 
705 0.481596902519 0.0538242399918 
663 0.463570333509 0.0615727127263 
622 0.488293061465 0.0676315413913 
688 0.453929539295 0.0567492579688 
759 0.481834934843 0.0505718631624 
555 0.511599291738 0.067016045937 
725 0.406590882995 0.0601217131703 
703 0.39735476072 0.0569915538806 
585 0.435566569817 0.0629949296417 
616 0.485462602681 0.0649037595475 
