553 0.353342962027 0.163877730637 
568 0.439723175273 0.158215668162 
511 0.392298670837 0.186009577795 
460 0.318453350711 0.180233110677 
461 0.448031780426 0.177566359697 
672 0.370893764721 0.135826515433 
452 0.274477326266 0.187261898189 
717 0.316392452129 0.130198166481 
612 0.438821320709 0.134726246837 
570 0.343791078784 0.153048593462 
545 0.417698682078 0.16046406293 
493 0.433218483989 0.174693453587 
454 0.275073421439 0.20077436674 
564 0.496118539508 0.152406357921 
491 0.38408597776 0.196250127136 
500 0.424454206603 0.190570087859 
470 0.33765130601 0.201575440646 
558 0.295835199283 0.151539408867 
492 0.254145516074 0.182877538071 
505 0.373686464407 0.171697425635 
