566 0.432153262117 0.21003649098 
634 0.531025782544 0.2022786407 
596 0.517518860017 0.207411288069 
598 0.592527582748 0.194747436755 
645 0.538360300379 0.188840287993 
590 0.514903886866 0.198732605075 
526 0.598945468364 0.225097377921 
596 0.480965956733 0.193034127117 
566 0.522187913542 0.220996912219 
504 0.558683584457 0.234230438805 
542 0.549723502304 0.221152073733 
750 0.542871419054 0.164645791694 
550 0.599054889131 0.225997364595 
465 0.495706311722 0.244735759267 
716 0.583315881327 0.155776614311 
551 0.441085833409 0.216940088824 
584 0.412766321554 0.198660905279 
461 0.42551694273 0.261150806539 
510 0.343658106254 0.228786839182 
564 0.44550203648 0.197147452925 
