502 0.324853190007 0.0660383696626 
553 0.287790329869 0.0708088567555 
550 0.361114641009 0.066733230462 
433 0.386792888478 0.0812918494574 
543 0.342515630747 0.0662444832659 
539 0.31660331881 0.0714679707055 
594 0.380057171683 0.0642697998991 
463 0.328106125971 0.073750269629 
489 0.366687078996 0.0703702286181 
492 0.292882526145 0.0718004365925 
409 0.221760391198 0.0808710268949 
574 0.307664170005 0.0663342623236 
490 0.344132939137 0.0718256193292 
598 0.367730614973 0.0572923629679 
595 0.26909763065 0.0636930767938 
632 0.350087011549 0.0575719822813 
545 0.361163089341 0.0662068886443 
536 0.311701136575 0.0719710732253 
922 0.300140875596 0.0429345470308 
594 0.312577770304 0.0613471077854 
