579 0.405425620667 0.0896386344302 
503 0.291939863567 0.096163534955 
535 0.361762416316 0.0978164409155 
622 0.460135026523 0.0812369393988 
660 0.431871544346 0.0799642397291 
567 0.452015749882 0.0895013726577 
778 0.469013662256 0.0682554468531 
759 0.423520115889 0.0686324770245 
819 0.386144651787 0.0610113602704 
639 0.374586297657 0.0840071702201 
775 0.408183890251 0.0743682842767 
639 0.469708808668 0.0808552675641 
798 0.341478186413 0.066588649118 
597 0.458326359833 0.0867259414226 
535 0.416503191655 0.10015513445 
617 0.433403520138 0.0881794044148 
486 0.415175817397 0.117490673012 
652 0.409115281501 0.0752995568201 
563 0.444967297049 0.0874957192324 
705 0.387629839471 0.0763582557669 
