801 0.2884111333 0.0458796180729 
586 0.431288919219 0.0589407574853 
563 0.392933191376 0.0632497116494 
560 0.344889859984 0.071222019085 
525 0.408647439558 0.0632114981915 
478 0.383207862819 0.0695145859473 
532 0.423595452837 0.0641276775648 
613 0.440996823846 0.056870469908 
515 0.398535970525 0.0683088520458 
812 0.36081871345 0.046405047707 
689 0.389960829827 0.0571703177136 
497 0.430867115984 0.073755155417 
626 0.396426577331 0.0601020977905 
583 0.345979080933 0.0617326817558 
657 0.495896656535 0.0524686550152 
605 0.375464453802 0.0576067211626 
576 0.468088796393 0.0636327176552 
619 0.44895900581 0.0578114912847 
514 0.363214424572 0.0682275466563 
613 0.38037722014 0.0578091901581 
