517 0.518064142195 0.170857684505 
475 0.465720294427 0.183300473186 
585 0.292822394811 0.159639839549 
549 0.471875853281 0.166662874306 
644 0.470809719742 0.140808167068 
631 0.409764016471 0.141406992398 
529 0.533534857359 0.171659503117 
566 0.563514467184 0.162948791461 
563 0.556379295037 0.174395698304 
648 0.536033605673 0.142409819639 
598 0.47289508854 0.163965920481 
531 0.452535516041 0.165490638818 
598 0.473624811904 0.161412180237 
603 0.451984422902 0.14437815892 
634 0.556655101719 0.140233204542 
700 0.530607876712 0.128745719178 
528 0.553427895981 0.164899527187 
603 0.590347970174 0.158802816901 
851 0.493099195396 0.115786691725 
402 0.342958271237 0.229741058122 
