629 0.26382201033 0.200529731161 
416 0.258075353972 0.272923166147 
466 0.196893411891 0.262712015711 
521 0.272207842009 0.238124340907 
523 0.156506783872 0.201883877954 
505 0.179643564356 0.233787128713 
434 0.305666897028 0.252385203102 
500 0.320851233889 0.245016984714 
489 0.315196078431 0.245417177288 
424 0.290654425612 0.262981599184 
424 0.239085875839 0.287450426042 
466 0.21320754717 0.278100879074 
524 0.293550538249 0.229966498365 
442 0.250129840804 0.260942380791 
478 0.251286341769 0.221728369239 
431 0.208174134537 0.282597159508 
432 0.195231481481 0.248722029321 
476 0.175763939935 0.246705344954 
456 0.221004165753 0.258148797778 
536 0.180568764569 0.220372960373 
