664 0.575502219547 0.109164096005 
493 0.484598236903 0.142007802209 
586 0.463366842733 0.117541318794 
607 0.435632562351 0.117275084369 
809 0.427649854929 0.0884406444843 
746 0.497221478308 0.100351499732 
597 0.546743038716 0.118005267999 
566 0.428445307672 0.127346164033 
559 0.413218339441 0.122077486817 
577 0.623506493507 0.118971861472 
584 0.625363807567 0.118119756891 
576 0.51275266765 0.121380237703 
646 0.39235466914 0.113396722325 
575 0.515691558724 0.132213335652 
591 0.522782990954 0.122799898554 
685 0.532039118377 0.109785067873 
918 0.441842735788 0.0797266390765 
608 0.487633525062 0.127789646672 
808 0.512088047981 0.0969949916528 
779 0.480270755807 0.0960605671757 
