452 0.267380978681 0.0845299900585 
476 0.365088695287 0.0768007300887 
576 0.256225596529 0.065741142444 
700 0.239706092167 0.0558944056055 
605 0.366727182703 0.0678455832462 
483 0.23475470917 0.0802959474689 
528 0.267108376716 0.0711350370721 
525 0.30860624524 0.0756272742659 
628 0.313379441927 0.0671290775631 
490 0.427113465064 0.0735016183427 
579 0.264249330916 0.0687933465711 
617 0.332928704378 0.065594849523 
522 0.361152594294 0.0777091709745 
569 0.319030047443 0.0730685878287 
559 0.331182411297 0.0777735573629 
493 0.298106329114 0.0783642756681 
479 0.304998434728 0.0751156561967 
700 0.287475035663 0.065366936123 
491 0.264713064713 0.0792378917379 
510 0.349990209516 0.0738936753476 
