607 0.33748046393 0.0863009553579 
659 0.341017668916 0.0834209015372 
560 0.428584165478 0.084746599246 
461 0.332341162463 0.106961173906 
537 0.316340782123 0.0856195131684 
536 0.380594927266 0.0935618372675 
726 0.298468685478 0.072323272048 
477 0.391217774052 0.111415321735 
567 0.391663727738 0.0929572763685 
591 0.2338559716 0.0901898161006 
581 0.387495698555 0.0826814595418 
558 0.423644659152 0.0907778033382 
556 0.354898876404 0.0887784911718 
474 0.383045401875 0.109870430844 
727 0.347419775991 0.0791908393949 
575 0.301456521739 0.0925854037267 
575 0.365558256642 0.0880082107509 
550 0.387970198074 0.0990612263441 
547 0.358697636214 0.0929510163105 
523 0.411972503342 0.0958564063395 
