532 0.368440814794 0.0766949450859 
502 0.296654719235 0.088572779769 
708 0.272505292872 0.0672393260409 
577 0.277930616835 0.0866505536811 
556 0.317192414847 0.0819585804799 
594 0.279390726248 0.0757502840192 
466 0.319939933498 0.0977790142658 
547 0.375239660367 0.0810422943486 
515 0.321001067029 0.0824613202056 
541 0.348971117468 0.0763111908277 
489 0.348581343131 0.0873663630333 
484 0.289517127528 0.0875045140322 
510 0.336862706723 0.0863556854878 
456 0.312312575243 0.104350785269 
455 0.342687747036 0.100423391524 
465 0.313432835821 0.0992715156233 
469 0.255788688891 0.0879137155182 
477 0.315738802846 0.0907021766429 
521 0.354912297517 0.0871049194862 
539 0.339186057291 0.0858556595902 
