711 0.265769064842 0.167851792027 
823 0.280647568149 0.145538533949 
556 0.253013904402 0.202126583985 
847 0.272056283439 0.139983289099 
911 0.239448096466 0.130294886561 
593 0.286147843052 0.18878561794 
597 0.267402945114 0.186107276328 
741 0.250818472442 0.156008470387 
812 0.23630399029 0.142658888957 
801 0.229569245846 0.149768735059 
704 0.284893500598 0.164721946375 
641 0.299248706105 0.178566095312 
773 0.199037644538 0.151972351521 
817 0.277004656201 0.141941335942 
660 0.277316646132 0.170777222979 
650 0.260431875817 0.184176400523 
739 0.285656351084 0.156430945139 
879 0.264122149798 0.135908527 
751 0.267464064831 0.155025936025 
824 0.234755727967 0.145532791854 
