1272 0.51825003929 0.0916152627168 
1258 0.582700790844 0.091596126588 
1253 0.553807187587 0.096050549772 
1082 0.613766509652 0.111734552508 
1053 0.532893487754 0.107424965192 
1439 0.606909722222 0.0811226851852 
1602 0.562772993885 0.0736394504764 
1154 0.528215677783 0.103816587267 
1215 0.58046875 0.0981102658992 
1191 0.547096584711 0.101775125171 
1232 0.627049180328 0.0972067237462 
1155 0.582853556123 0.103965557047 
1366 0.608281187104 0.0896373854918 
1359 0.575770390527 0.0874350346891 
1463 0.587736976943 0.079366638201 
1250 0.626109733664 0.0930010130902 
1228 0.550866769757 0.0987680068366 
1535 0.55214234551 0.0803488094463 
1252 0.610097784873 0.0947881327746 
1236 0.643640040445 0.0939071452646 
