827 0.308992023205 0.118231810491 
830 0.333269114991 0.118280725897 
895 0.346816353888 0.115235621729 
923 0.35269911744 0.112535097422 
827 0.339985503745 0.122311074104 
1007 0.289834796845 0.101683924053 
839 0.374796118817 0.114282950516 
934 0.284321489726 0.107161967955 
780 0.298929967322 0.126695667695 
1037 0.277891287587 0.101093526269 
871 0.324274406333 0.111757198578 
997 0.341254886239 0.100418462464 
840 0.375890997799 0.117641246419 
1051 0.350710585104 0.0974703441908 
921 0.359793926247 0.104777076232 
1015 0.273986902359 0.100812095974 
973 0.273515067509 0.108246609902 
974 0.328303823454 0.111372301037 
867 0.304528693247 0.117631202055 
1022 0.29724340176 0.0965664711633 
