927 0.342353647646 0.0621149044335 
654 0.311204225045 0.0883037669315 
928 0.326415224967 0.0604941844812 
894 0.38986947671 0.0647620378132 
944 0.285744539239 0.0634132782719 
880 0.309088401376 0.0669274382857 
1018 0.302481819393 0.059576113102 
867 0.321212320924 0.0720438556024 
1030 0.312159042859 0.0573616704676 
855 0.296986548433 0.0687162701892 
782 0.354834884145 0.0716308801618 
952 0.324234359186 0.0627689582787 
907 0.352518438639 0.0652670257315 
859 0.341592508579 0.0692893425619 
925 0.384002345335 0.0642067649548 
1122 0.268909809613 0.0538113220158 
966 0.278300910596 0.062628268143 
881 0.361244968536 0.0669621766162 
988 0.339337212244 0.0610817733367 
1212 0.283716984134 0.0525185246285 
