1010 0.580217606331 0.22620755028 
964 0.511744270456 0.247325348267 
1202 0.561541339319 0.197593216112 
1266 0.585583984838 0.192935784043 
1202 0.570810810811 0.189057519058 
1042 0.560108372495 0.226233576292 
974 0.546215037208 0.241093576255 
908 0.50583411305 0.26106738584 
1131 0.570977151191 0.209963023527 
1201 0.612664336828 0.190264949798 
990 0.541109034897 0.236071831389 
1141 0.533740585041 0.202680708822 
1076 0.565258804944 0.224549298392 
1083 0.565998984631 0.215698604637 
892 0.606770833333 0.255901377688 
1024 0.502709299488 0.2337970873 
936 0.569959946596 0.245086782377 
1115 0.551521670925 0.20298283358 
959 0.554368780285 0.240994980809 
1093 0.565706447188 0.216411370218 
