1017 0.435137393698 0.103931854411 
1117 0.504214593684 0.0951088867719 
1032 0.42874208963 0.0930114296785 
988 0.438523761375 0.105583742597 
1113 0.476470500217 0.0922548240017 
1215 0.398719161833 0.0846610911613 
1073 0.476527460931 0.0924116911535 
1024 0.441319597025 0.10333444935 
1022 0.474412239113 0.0971332909722 
1139 0.494777036517 0.0872965364166 
1026 0.465365014445 0.103804098326 
1129 0.513829269372 0.0952955196329 
1059 0.404170008019 0.0924066499094 
1156 0.453092345167 0.0843865240999 
1126 0.478966986156 0.0884188473047 
1352 0.434875813129 0.0778794774859 
1263 0.420495771824 0.0826925577688 
1242 0.465290907385 0.0840138380466 
1153 0.478459426259 0.0855122170265 
1204 0.511103731684 0.0864008195118 
