668 0.273051236045 0.131694592928 
803 0.25455387572 0.112630653892 
714 0.241048021346 0.116045954981 
801 0.206371968327 0.109689662697 
856 0.221080291971 0.109745437956 
797 0.231402540956 0.111018602683 
674 0.24111390988 0.127003769077 
855 0.201896781318 0.10680539316 
595 0.243402690265 0.142215985466 
891 0.215507297882 0.102698361484 
707 0.239406862861 0.127312769492 
641 0.246656799356 0.138487623666 
642 0.232741617357 0.142452215042 
802 0.252122899611 0.112840512405 
900 0.239103062623 0.101184937785 
665 0.233469333267 0.135028300293 
804 0.234661475591 0.108175167744 
576 0.303996143649 0.141160520607 
573 0.234791702981 0.146373049939 
633 0.262859798171 0.14116502604 
