755 0.238019562215 0.114318467753 
729 0.2749000862 0.124089327345 
653 0.271096447144 0.127234532732 
878 0.27217737018 0.103877660634 
905 0.288279258447 0.0977553035744 
680 0.302159858948 0.135333253747 
710 0.299174102427 0.120505378142 
754 0.325041192402 0.107681583919 
847 0.255957649479 0.107653640762 
981 0.255565909985 0.0936361290898 
712 0.305184784352 0.123500631313 
816 0.283972659088 0.118037048949 
703 0.270103092784 0.119808700675 
771 0.315346933484 0.110547862514 
738 0.302896615778 0.118676351077 
877 0.300788721847 0.102915254117 
909 0.312321389316 0.100197158716 
684 0.294668948819 0.127185993206 
741 0.259912742823 0.117725257871 
723 0.301513835708 0.113167915861 
