1210 0.551526165793 0.0574119202016 
1378 0.52606755433 0.0538412001597 
1197 0.465876196838 0.0626837007348 
1286 0.462641890841 0.0565260068419 
1240 0.499382119063 0.0579016561896 
1127 0.446002099878 0.0650148618074 
1188 0.490261242691 0.0566199360566 
1184 0.543247920976 0.0627348136266 
1338 0.480735704324 0.051634414226 
1299 0.417852837835 0.0539826498423 
1252 0.511393281159 0.0557064566364 
1133 0.492321948637 0.0652540596594 
1132 0.452747964607 0.0632359436421 
1278 0.469072568033 0.0561102205193 
1231 0.501264932289 0.0580517675231 
1352 0.48178132663 0.0540968910577 
1238 0.548951519557 0.0575037349593 
1382 0.51855735966 0.053276317217 
1202 0.453691386764 0.0597735492185 
1188 0.480392156863 0.0604682108895 
