601 0.191153938454 0.391063714903 
490 0.208792329661 0.446467428261 
504 0.189436960732 0.432749768885 
683 0.166345583274 0.349443387714 
571 0.178172140144 0.406212664277 
607 0.227030485854 0.381369121075 
573 0.205499360539 0.402180705732 
571 0.184079456799 0.404464337828 
817 0.150833927783 0.292270457556 
671 0.212163359246 0.356083749348 
517 0.214445088069 0.442600727296 
518 0.215551486728 0.420991134239 
577 0.213770624207 0.420019903081 
567 0.179487179487 0.38491643904 
535 0.232410952366 0.426537647462 
544 0.214562908497 0.433635876226 
575 0.183117208907 0.396929634132 
474 0.220957600028 0.448075842203 
555 0.227638376752 0.388456695746 
553 0.261498147646 0.403094033312 
