844 0.354995854063 0.116799082817 
1176 0.41739278276 0.0860318539794 
1040 0.388826157986 0.0962974657478 
1161 0.344091691778 0.0882233564972 
1094 0.367833158208 0.0918775249147 
876 0.399808997092 0.120309432856 
1102 0.377397198169 0.0967242339653 
841 0.409632291791 0.11629843514 
852 0.423632686559 0.12123051929 
1060 0.389745039823 0.0934413564663 
964 0.375673644937 0.106158299158 
1070 0.358008971544 0.0985918548533 
999 0.372112211221 0.0979008615148 
1069 0.354704451927 0.0983378761157 
1061 0.392796590214 0.0946084598772 
1077 0.32464971699 0.0930039502115 
1213 0.359523711425 0.0826456617834 
1034 0.437572477774 0.101247135402 
1034 0.415156567121 0.102167294868 
973 0.357192396609 0.104214524238 
