1030 0.338087845268 0.175316563167 
979 0.513950598369 0.181505668761 
1019 0.409167443153 0.17538681281 
1148 0.410740982655 0.157650228609 
978 0.395957943527 0.177119012321 
1085 0.42861749666 0.160440756438 
1047 0.333015054585 0.16937303065 
993 0.445947985311 0.179036294582 
934 0.455351093043 0.187617016155 
951 0.390528711485 0.188612788866 
825 0.422307055283 0.209124856087 
987 0.459923728528 0.177731408829 
1078 0.382603857567 0.163265601818 
971 0.447629339921 0.187393860642 
1028 0.412042215846 0.176578230631 
991 0.363381086898 0.175213756053 
1126 0.429093437482 0.159528670336 
978 0.464814152662 0.177555294478 
1017 0.420677449486 0.170528427806 
904 0.431380136355 0.186993850194 
