754 0.249043958957 0.178016498807 
798 0.205129122255 0.178217325989 
671 0.279621004275 0.204034539229 
584 0.250403206099 0.239477848101 
627 0.263512283894 0.21420183121 
778 0.264994127147 0.185442895684 
608 0.29089137504 0.217957514997 
750 0.246931566068 0.194664400453 
767 0.25855746859 0.180877850163 
947 0.206981076576 0.153922707354 
587 0.270820150888 0.227674616695 
820 0.229194400216 0.178503562945 
863 0.249466580658 0.167836054186 
740 0.223935615857 0.194925358011 
609 0.246470781353 0.233184914642 
770 0.258721819142 0.178316144516 
727 0.247458092883 0.198176009893 
556 0.232969799735 0.237921499865 
749 0.227601452106 0.188781431335 
567 0.260964801853 0.242443602397 
