749 0.253093935553 0.157092979296 
859 0.21142765685 0.13640001164 
490 0.245994897959 0.228639455782 
800 0.233163169727 0.155490248116 
854 0.241269539254 0.130517826825 
758 0.245029018004 0.154470036712 
708 0.272902986655 0.160941655487 
586 0.279401108269 0.187183859051 
809 0.264657301636 0.152827518782 
589 0.260875562346 0.185586608381 
726 0.227166437414 0.162085912426 
726 0.237879361365 0.157252884637 
742 0.212208714978 0.156811242816 
627 0.282864317602 0.172760217368 
663 0.236088086806 0.177658679326 
680 0.237661574618 0.177172076968 
866 0.204645762419 0.139663743534 
960 0.179292666424 0.123737833758 
847 0.204267752789 0.142526513586 
765 0.240876746312 0.152995386691 
