1082 0.370965208151 0.0545490073773 
982 0.391733265462 0.0594213964537 
1084 0.371792152704 0.0556580140471 
1119 0.36579111945 0.0532443081986 
1047 0.2958896262 0.0573650164702 
1173 0.346219060197 0.0500992274812 
977 0.380254744488 0.060290807714 
1158 0.32252104468 0.0538671846896 
986 0.414767141337 0.0605859051673 
1037 0.315966062476 0.0568909483867 
1067 0.347514407534 0.0569595417702 
948 0.392546911238 0.0616374349919 
1174 0.304189730052 0.0505212325073 
1080 0.42211422753 0.0571836719739 
1111 0.38552732179 0.053292481823 
1131 0.313109971712 0.0538338711104 
1076 0.397277963582 0.0554907175152 
1177 0.384299240012 0.0493505781288 
1199 0.375591666667 0.0494548611111 
1039 0.39168189249 0.0570247139148 
