979 0.262620335408 0.100640735935 
726 0.306768107959 0.134040455207 
735 0.305480010879 0.134338940907 
796 0.293095148395 0.127612529377 
903 0.329210934042 0.115591206602 
910 0.279388348982 0.113131515166 
810 0.319305709705 0.127065606117 
794 0.320166886806 0.121344109692 
607 0.313579536108 0.159129497333 
870 0.302401056925 0.112698275933 
628 0.295951642408 0.15404040404 
1056 0.261014328095 0.0976597370628 
653 0.350133945656 0.146200317096 
969 0.319690018386 0.105775886828 
956 0.305484371459 0.107447309241 
951 0.298608921126 0.108286029644 
696 0.31282437636 0.140629003987 
943 0.301112582782 0.106340586566 
842 0.314368770764 0.117619202997 
899 0.279529237328 0.114110965487 
