954 0.236765348005 0.0752691904637 
776 0.267771765582 0.0899180301469 
842 0.25917568896 0.0821462502227 
843 0.248580312792 0.0850120064034 
917 0.218157477072 0.0810762185149 
812 0.262356504557 0.0885107070334 
751 0.259591794508 0.0943460694334 
692 0.216871625795 0.0993610569634 
826 0.242372288784 0.0837997700593 
626 0.264873350362 0.108451069604 
995 0.205830152033 0.0738459413302 
779 0.218915895309 0.0959396844738 
726 0.242634129933 0.0968642493464 
1059 0.211395930699 0.0686293254025 
601 0.308882235529 0.106603459747 
809 0.237955011909 0.0876212392661 
809 0.269953100001 0.0882423830419 
857 0.280990129789 0.0841148869201 
695 0.265468918433 0.0961390585699 
779 0.241473688712 0.092860350247 
