1100 0.25349573543 0.0612509451191 
883 0.344094844661 0.0731745901091 
862 0.373234811166 0.0745304391349 
893 0.329116522064 0.0734415947892 
862 0.366231884058 0.0748945981555 
878 0.390627073971 0.071103046507 
1159 0.327311920673 0.0576975837269 
894 0.289392331043 0.074048067693 
1004 0.344300647088 0.0630435766325 
909 0.388522427441 0.0709084162869 
931 0.306672392506 0.0682513578536 
1001 0.30640327656 0.0634362328646 
1119 0.272683304314 0.0588753962231 
1020 0.317589416953 0.0623402075632 
854 0.298674076241 0.0732909675876 
868 0.366710811693 0.0762790715935 
1111 0.309440297389 0.0592321497192 
885 0.331017210861 0.0690696223334 
1023 0.338007295942 0.062725962478 
1009 0.256054677827 0.0653565269855 
