1198 0.474908898718 0.0733004568973 
1247 0.47546741453 0.0745467748398 
1300 0.454024535631 0.0677505960851 
912 0.437173444408 0.0930572111696 
1006 0.452477902473 0.0878415495581 
1104 0.407052007423 0.0779913320962 
1615 0.472897254125 0.0550843768381 
1103 0.501752636509 0.0864113067719 
1142 0.466228934122 0.0778760396148 
1190 0.471220905806 0.0724794660113 
1103 0.447233676198 0.078821678599 
1113 0.483618457486 0.0811607583854 
1052 0.48407381009 0.0837758374911 
1225 0.476499476255 0.0721378504673 
1149 0.432482571706 0.077727564242 
1162 0.509513772387 0.075519153009 
1137 0.457116895299 0.0784657492086 
1175 0.44366007513 0.0757229428025 
1154 0.458614816098 0.0754103152607 
1233 0.483665166322 0.0722459044646 
