792 0.275884634793 0.0965424078046 
656 0.276036111534 0.121638351364 
962 0.234221662599 0.0818967755336 
728 0.263853601593 0.102807152067 
831 0.278894170026 0.0948607517933 
590 0.292365700729 0.11717529044 
718 0.257044458359 0.105909421214 
703 0.279811789773 0.105221156881 
756 0.303592666006 0.100212898726 
727 0.263960436843 0.107984942495 
836 0.24052883179 0.0944444444445 
671 0.284758412746 0.110359382238 
903 0.215040672901 0.0889623645006 
782 0.262156549521 0.101494497693 
718 0.261622242327 0.112121194547 
861 0.248854275438 0.0932589176368 
831 0.277260158692 0.0964833627208 
746 0.280365151617 0.103359216369 
840 0.261633442428 0.0924187576449 
858 0.243712888578 0.0899794310553 
