1048 0.306193087008 0.0832181168058 
927 0.364137931035 0.102081930226 
960 0.366246746486 0.093195275898 
1013 0.382214765101 0.0880224782867 
921 0.354493162579 0.0909655144346 
823 0.325578289114 0.104518927205 
1005 0.365832545645 0.0869460785533 
893 0.31466607003 0.103730842376 
886 0.343205142664 0.103360775911 
1172 0.310740630197 0.0767159318638 
878 0.34550625711 0.102461959613 
805 0.389057259968 0.10810671811 
1029 0.334036144578 0.0845908836961 
987 0.349351701783 0.090334405389 
1035 0.340613082308 0.089694967415 
892 0.30652027784 0.100618103014 
975 0.328476278307 0.0908816541142 
987 0.335284585781 0.08989359682 
1054 0.275828395354 0.0824588172553 
892 0.339016871252 0.0987770444482 
