966 0.416718415787 0.238796315463 
997 0.434407739737 0.233495413304 
691 0.407436861384 0.338309716599 
788 0.394571187157 0.302476763836 
912 0.452486621738 0.254629883294 
824 0.441337619539 0.28461565678 
984 0.398548149652 0.237897016769 
912 0.365395155103 0.2515665534 
748 0.388120531837 0.297142602615 
729 0.375499668791 0.31170195756 
1059 0.357236086868 0.226478589738 
1190 0.365553922598 0.200962278676 
818 0.427329015439 0.281151981751 
970 0.337350018024 0.23498034571 
921 0.431645042795 0.24216700143 
844 0.410664929322 0.270211442786 
1083 0.412737952456 0.210753221392 
927 0.33901137405 0.255309686809 
629 0.46712234409 0.342248185238 
