1041 0.431235599079 0.0661308323733 
1151 0.443925639578 0.0597321157104 
1053 0.427107547797 0.0680060723944 
1102 0.407812995964 0.0665499025076 
1145 0.400473571647 0.0630957836847 
1202 0.430386326777 0.0605657670396 
1136 0.350717050854 0.0624186169277 
1157 0.392434452076 0.0601647876982 
1023 0.458777245626 0.0692820838628 
1341 0.403875535681 0.056190609279 
1164 0.395908466426 0.0610934011678 
1285 0.395719118162 0.0564096582294 
1030 0.375139556332 0.0692114460463 
1171 0.44860820561 0.0616808265381 
1074 0.433827292607 0.0683798213372 
1129 0.37802124834 0.0673395307659 
1162 0.394634408602 0.0607290322581 
1222 0.417337967696 0.0568493150685 
1048 0.373182706516 0.0680001430002 
979 0.374674529025 0.0750689232655 
