1031 0.537461810776 0.172681974686 
1156 0.572040127995 0.158917452218 
981 0.540212906841 0.179566928131 
1096 0.554987912238 0.165620866214 
1074 0.547036382246 0.161172885456 
1298 0.543440603588 0.133596216029 
1164 0.519112657304 0.155397715071 
1082 0.568520999862 0.157862819387 
882 0.534094126975 0.195205867361 
1117 0.529097334049 0.164494431025 
1106 0.562200740808 0.154536317644 
1172 0.558556446112 0.14618194705 
1018 0.60778634199 0.17794503903 
1182 0.575562225228 0.147716224214 
1173 0.47585354418 0.14834725715 
1250 0.469222160045 0.138058098169 
846 0.561968587624 0.204575312943 
1151 0.533932525726 0.157304285528 
1136 0.493160024633 0.148942662972 
1053 0.588723838451 0.166066513217 
