671 0.266409625987 0.150322232156 
791 0.298022866528 0.135326709801 
796 0.28473486037 0.124887937604 
736 0.228244637524 0.130084897793 
880 0.234066401816 0.114360710232 
796 0.241287641154 0.124303190536 
903 0.200287865368 0.121213858661 
766 0.230551568922 0.136550236247 
664 0.239835868092 0.147205132618 
757 0.246064616197 0.130208284225 
700 0.261390416339 0.134578304649 
802 0.288903418644 0.123004011992 
629 0.26993286191 0.145344316815 
776 0.293355021581 0.121918167512 
723 0.240613980502 0.141312561117 
702 0.253719390661 0.144507098113 
871 0.200235267114 0.120480125257 
969 0.201788751998 0.102761187985 
864 0.202380263767 0.118635139155 
964 0.250492534218 0.111101647212 
