1783 0.663349963563 0.0453411221357 
1467 0.57465153529 0.0531463116322 
1461 0.614881970578 0.054775820124 
1479 0.589290540541 0.0530968468469 
1367 0.573407911092 0.0566563492644 
1244 0.569348489717 0.0643817168309 
1330 0.651969628627 0.0611849304199 
1443 0.59603531856 0.0534501000308 
1422 0.590671025344 0.0583842040924 
1680 0.588325401547 0.0469941833565 
1334 0.622863888473 0.0598480779161 
1585 0.632948523846 0.0500436327698 
1445 0.666216964162 0.0522231446889 
1326 0.629526357436 0.0587489690226 
957 0.587746787841 0.0827856413292 
1453 0.611174164259 0.055163861757 
1637 0.672228498153 0.0488453983859 
1197 0.623125757006 0.0642080496736 
1388 0.645189745806 0.0572402846788 
1503 0.643812152859 0.0550649844976 
