695 0.351101883808 0.0825633927716 
828 0.258256354525 0.0718745597617 
1059 0.216498797 0.058196128383 
1007 0.259270750596 0.0601916203336 
841 0.272994652407 0.0699191671618 
895 0.252769406775 0.0648322544041 
863 0.321841160461 0.0652511967495 
942 0.29096828091 0.0631105350166 
822 0.308414337789 0.0658648491292 
969 0.269448026825 0.061518786003 
1031 0.243853949474 0.0633243223586 
1016 0.270157325467 0.0594630858735 
1014 0.249679755629 0.0588633788245 
989 0.29442367916 0.0601460164327 
911 0.251268165616 0.0652585458368 
866 0.251413651838 0.0673215625181 
805 0.268420480656 0.0725964623569 
922 0.304019453777 0.0609872295076 
612 0.304129600914 0.0908493498191 
784 0.280536602474 0.0743348265528 
