658 0.245011647929 0.176958308012 
910 0.21193483434 0.131150466777 
659 0.193343271263 0.172079890851 
598 0.234539024866 0.193340503439 
575 0.228160120496 0.200948977523 
646 0.201510231431 0.177888704191 
731 0.207959087524 0.161074351434 
791 0.191946638582 0.147149815693 
537 0.215787136025 0.206845929782 
540 0.262484192344 0.204429613522 
827 0.205474670587 0.150170412211 
573 0.183711845842 0.198386475326 
779 0.243035501651 0.146914907271 
871 0.206450256175 0.141648982947 
644 0.224861563939 0.188716167262 
741 0.201301814151 0.157557525505 
646 0.263471921318 0.160097815434 
617 0.253591701976 0.184544773703 
672 0.236818831775 0.178802784597 
563 0.252004886603 0.192936469232 
