1115 0.448897503698 0.0521295507851 
1143 0.404411121798 0.0522937250445 
1142 0.431975319447 0.0502239957116 
946 0.455303870321 0.0596844914374 
1037 0.458323292689 0.054137649204 
1064 0.423520432128 0.0528549201503 
1201 0.381306193806 0.0497540653791 
1153 0.452167316862 0.0529493570294 
1208 0.463813068652 0.0498867004412 
1074 0.37734883721 0.0567054263566 
1133 0.466382199877 0.0543344432684 
1394 0.3986299896 0.0425572929742 
1359 0.429877487951 0.0458852997805 
1043 0.398668072058 0.0574578582152 
1112 0.454729365222 0.0527375359648 
