1349 0.387560207484 0.0482064064132 
1132 0.392508718492 0.0558304539235 
1122 0.454584929189 0.058510024535 
1215 0.423348959619 0.0522536617097 
1010 0.430453825597 0.0624471354144 
1252 0.433587511977 0.0510764786156 
896 0.420855883502 0.0730485967751 
1198 0.411584348407 0.0543702501403 
1038 0.416658641114 0.0626305064416 
1081 0.440371106387 0.0571868514146 
1208 0.480681724167 0.0543004505216 
1157 0.447058061172 0.0550592432883 
1146 0.405947501526 0.0568816049217 
1181 0.402039607312 0.0534627546624 
1374 0.410220743327 0.0479010043706 
1110 0.403324929089 0.0608784140537 
1151 0.452672484912 0.0549363308742 
1187 0.452135276281 0.0545190363882 
1073 0.435837409737 0.061614044004 
1088 0.383343286325 0.0614781653645 
