836 0.345019717973 0.272620897068 
680 0.393788090168 0.325758132022 
841 0.368976172084 0.266395309684 
971 0.3 0.241031909419 
703 0.384146341464 0.328210552514 
730 0.292159813915 0.32144933981 
1037 0.366237585575 0.224966252049 
742 0.338964797739 0.309113549169 
772 0.371852139574 0.304522453119 
953 0.238408685618 0.25025787615 
758 0.350260245092 0.289821891334 
617 0.350895316804 0.364041484362 
846 0.291779851187 0.282720168497 
820 0.322588507708 0.28443320537 
848 0.328302609105 0.278113159393 
829 0.32989333494 0.280224277852 
887 0.291344907277 0.258112094395 
787 0.273017334434 0.29718818126 
903 0.364097952407 0.269920217672 
928 0.319789983845 0.258611559864 
