1223 0.477815932194 0.0646115517038 
1380 0.514820046603 0.0592193165675 
1119 0.449183451685 0.0698383278996 
1497 0.50753858308 0.0517695734256 
1299 0.52444358925 0.0615248113228 
1425 0.495679120622 0.0541678847766 
1256 0.527529080949 0.063398348211 
990 0.509992934289 0.0812465652794 
1215 0.458547553435 0.063885575618 
1341 0.538645992521 0.0581895212892 
958 0.480789958625 0.0819237277332 
1092 0.493149639937 0.0710960067538 
1215 0.453661413543 0.0633300872778 
1178 0.50197242842 0.0695027689408 
1139 0.418552962508 0.0704899495038 
929 0.401675366374 0.0828908739768 
1220 0.477450538648 0.0627261431751 
1330 0.527647257828 0.0599639973771 
1213 0.5184544406 0.0613849297889 
1242 0.488808422182 0.0624689867901 
