593 0.272482317279 0.386262209498 
592 0.210815500289 0.398504273504 
637 0.228945628914 0.348538023162 
677 0.241091184962 0.335970152923 
472 0.244040055666 0.465043943244 
706 0.268040299518 0.340050340714 
541 0.226955123135 0.404269718223 
742 0.2303458363 0.319920629575 
605 0.242072006225 0.378077378005 
598 0.244159533956 0.375647614273 
631 0.221795873091 0.354888017326 
619 0.279016416121 0.37550435765 
606 0.223850726941 0.375875566543 
593 0.232012030075 0.365968421053 
531 0.249579911008 0.408468209906 
522 0.250591081166 0.441902643579 
660 0.253887692491 0.352504860743 
749 0.208027737032 0.314672511891 
623 0.240117683422 0.366742794562 
638 0.277561564786 0.359626976671 
