760 0.184797963206 0.303120893561 
601 0.224281501786 0.374986156104 
647 0.2450575334 0.371537699179 
576 0.250314397225 0.378892020815 
788 0.171255471674 0.296305694771 
605 0.198214285714 0.373111065235 
584 0.222032158741 0.376001396967 
566 0.222477266708 0.389177040111 
554 0.230706815723 0.415599831711 
774 0.172051513782 0.302681126676 
492 0.220317895592 0.433120048751 
549 0.252467030468 0.420774594513 
511 0.18505177298 0.421237504477 
692 0.213710841634 0.35304484866 
527 0.23245406327 0.438920723622 
562 0.234092930191 0.425259374537 
607 0.223475183143 0.369310231295 
574 0.213345946416 0.399312804454 
594 0.221060045412 0.398046141339 
