908 0.32598969507 0.0775523956214 
845 0.347246034092 0.082230268992 
975 0.380105874317 0.0719127817623 
781 0.285519300491 0.0871657069738 
913 0.267303690724 0.0762389114008 
843 0.325009380493 0.0854989928314 
953 0.332791271049 0.0765842207418 
755 0.333951230277 0.0931107249255 
1011 0.269295426453 0.0724524103832 
914 0.310096591945 0.0768227173319 
878 0.332137501661 0.077743294801 
614 0.337520665637 0.108472233515 
1031 0.305943152455 0.0678839631783 
937 0.31614561104 0.0773961000854 
946 0.258482190043 0.0757372370786 
1000 0.296700642883 0.07077545718 
797 0.295391338896 0.0905393325388 
1102 0.324584883405 0.0636410035387 
1017 0.314855766868 0.0698646125117 
1052 0.27305756079 0.0680293028116 
