965 0.316926832877 0.0704710230215 
929 0.273394114891 0.0695088690008 
912 0.288413689498 0.0728933269601 
1001 0.270299381549 0.0675724136053 
969 0.247644098642 0.0686108336967 
940 0.335514628851 0.068042927951 
1111 0.301065867802 0.0633417129626 
922 0.296883835137 0.0689292069423 
781 0.336911537653 0.0800824966426 
821 0.298443613599 0.0748049576717 
924 0.303694141474 0.0726483218638 
816 0.277077755027 0.0746390308822 
937 0.263319515987 0.070247493066 
1003 0.272330100542 0.0631093019149 
801 0.344548297708 0.0775531148824 
868 0.321237432074 0.0728372666064 
882 0.274839795456 0.0725043250814 
812 0.306718811794 0.0801117138783 
859 0.297125901792 0.0730385363996 
744 0.292347864487 0.0802059978863 
