1098 0.410585021626 0.0712383337128 
1166 0.395994084362 0.070411332114 
992 0.430008561644 0.0780991192139 
952 0.393526539613 0.0815147325622 
976 0.362107795465 0.082019586767 
1214 0.454556680662 0.063555930591 
1103 0.419340221135 0.0723766690835 
1044 0.464359232132 0.0723593225568 
1183 0.368984747983 0.0677221964032 
953 0.390837311789 0.0789344443862 
1158 0.428152112919 0.0671764914654 
960 0.394314337757 0.079324601729 
1001 0.461497179372 0.0787661069787 
876 0.374507733577 0.0885960656736 
1090 0.4149163036 0.0717814466611 
1145 0.367457131638 0.0674149541138 
1159 0.399741211991 0.068270912707 
1208 0.450949367089 0.0678294172803 
1064 0.350227763689 0.0733970445509 
1124 0.350453373633 0.0716940271234 
