881 0.280011341083 0.0819818542671 
877 0.300004885675 0.0794402644779 
881 0.274431827386 0.0782004762445 
786 0.360022162476 0.0914229399797 
691 0.28122965642 0.101591320072 
929 0.267695852535 0.079622311828 
774 0.279258090996 0.0880084253341 
925 0.271559009903 0.0797368847588 
1057 0.267632556569 0.0677600472814 
1057 0.273564134428 0.0681306732224 
894 0.283527167363 0.0756635190256 
856 0.315601240496 0.0794985702615 
871 0.269225726087 0.0770486748509 
1112 0.280339564243 0.0636613925473 
794 0.219791975692 0.0916352023158 
856 0.324863278645 0.0800376400561 
802 0.274097135741 0.0939375778332 
957 0.282812231896 0.0753655543371 
927 0.327819386821 0.0790458807048 
809 0.355656140537 0.0841431968378 
