972 0.327594182043 0.195504831166 
775 0.358156485842 0.22408566084 
999 0.318886998299 0.172789885897 
1016 0.323666092943 0.177710843374 
700 0.321344465853 0.242756725897 
844 0.347011609999 0.209577878806 
856 0.334822471385 0.2015336662 
857 0.376755638441 0.202683358587 
933 0.314996252276 0.193653629939 
863 0.351467098791 0.208855402512 
868 0.349424460432 0.198064748202 
915 0.378427463404 0.188092295718 
921 0.344370860927 0.188753596244 
913 0.358387590961 0.184470235816 
717 0.327570582084 0.237879051935 
812 0.398176058071 0.210808701403 
850 0.361906301434 0.205211762286 
744 0.350916353384 0.230674342105 
888 0.371209990437 0.196721887833 
876 0.382183580388 0.190917189282 
