822 0.236911922555 0.218269639711 
746 0.271841082675 0.233688278842 
895 0.261335715881 0.201638234309 
583 0.259259259259 0.282182355967 
729 0.307101091773 0.239985182267 
721 0.235623427292 0.244383700395 
561 0.250689808634 0.296873609257 
712 0.297006898164 0.238841634514 
707 0.256129442521 0.243188281636 
891 0.207645980623 0.199006144092 
735 0.294106989174 0.237347550618 
857 0.20455385094 0.206042553812 
810 0.204310362556 0.21747177494 
702 0.252592856295 0.244713421146 
589 0.268944538766 0.284871073854 
758 0.297608065366 0.216258401423 
637 0.269765921276 0.258893193409 
839 0.270806035339 0.212816408577 
650 0.264436250032 0.263083851886 
630 0.248163125066 0.276220068189 
