915 0.243865589049 0.128963703218 
793 0.268755905512 0.154401574803 
702 0.308748221906 0.170541429588 
989 0.227761214143 0.117660063672 
749 0.284033333333 0.155370833333 
822 0.259617137648 0.141221006786 
764 0.277290671552 0.15010687256 
641 0.268162809424 0.179098807761 
727 0.309615472753 0.168429751593 
740 0.309830790694 0.155641060258 
913 0.256752071244 0.132140999672 
1090 0.288175985335 0.106874427131 
781 0.27876540052 0.149611523213 
772 0.313675988262 0.148410527792 
767 0.286995418322 0.152579636506 
807 0.313809258457 0.148051978206 
625 0.282132204112 0.185386039203 
810 0.304198536064 0.147915124599 
783 0.273822434875 0.141180223286 
855 0.246030818382 0.138731420334 
