969 0.351416043333 0.0807138967702 
895 0.367321867322 0.0863115181297 
817 0.312191244803 0.0904026045488 
838 0.35576487421 0.0920091278831 
905 0.374746024735 0.0892678580193 
921 0.383062065972 0.0835360303338 
846 0.32450667612 0.0923234471622 
769 0.338143794246 0.0985491401644 
899 0.292684824903 0.0871301957878 
891 0.34518319026 0.0874681279496 
1114 0.31026342952 0.0698551960389 
973 0.324861310869 0.0797326952492 
934 0.376138248355 0.0837828961057 
973 0.340146885111 0.0821620757937 
963 0.307486242343 0.082074377877 
874 0.393241466065 0.088285652569 
1007 0.352158808933 0.0753694513372 
1244 0.345976780621 0.0664410342935 
926 0.388357162126 0.088913616881 
1084 0.364247200332 0.0737156346171 
