668 0.238291098671 0.251750392611 
675 0.195006133931 0.252123741487 
715 0.255504101878 0.252597980998 
525 0.202448901935 0.316409222793 
616 0.246188044875 0.278253910366 
737 0.202552127742 0.235320299783 
740 0.243761570503 0.231607721382 
795 0.213050392159 0.219367099554 
721 0.238712552612 0.255472270364 
643 0.245827044304 0.261602217993 
630 0.236719795044 0.280669734963 
742 0.225725446429 0.239443022629 
658 0.23788923584 0.257288346236 
606 0.229177224887 0.289603271182 
556 0.276889282824 0.305559302221 
637 0.231225849807 0.261992845943 
772 0.181087951195 0.230815270139 
746 0.251451916913 0.250818347733 
585 0.27527918472 0.296272960273 
737 0.279960088735 0.240481114803 
