978 0.226037195994 0.151118945432 
532 0.181509903314 0.261280859852 
582 0.241387816388 0.225628485629 
694 0.234989927333 0.208273976545 
686 0.249635807415 0.199069487945 
624 0.230850084087 0.221724593577 
788 0.236975202943 0.179754883308 
640 0.250302498048 0.212960577674 
668 0.209467035431 0.209715577814 
611 0.265962009804 0.226023284314 
781 0.258762243134 0.181459253569 
659 0.252623106061 0.207643939394 
795 0.259275840402 0.182849513038 
933 0.184519344122 0.159934626514 
610 0.269752454992 0.226423895254 
710 0.255524278677 0.192072484166 
627 0.208552526702 0.221321536745 
612 0.266990291262 0.215134209023 
631 0.304730157474 0.211945081902 
633 0.216516623233 0.220913290689 
