1258 0.559023363001 0.0710661852353 
1360 0.655615995296 0.0688836922964 
1322 0.629590408835 0.0685908012178 
1568 0.626638181181 0.0538377682472 
1178 0.610140379151 0.0732066934561 
1635 0.616775712364 0.0538171089642 
1556 0.64537423707 0.0590176276904 
1153 0.625574239404 0.075474560111 
1261 0.625986281274 0.0712811248563 
1545 0.586939646808 0.0572259686914 
1396 0.62580552771 0.0655889750108 
1218 0.607746594453 0.0713171108239 
1443 0.673471154512 0.0576779901656 
1106 0.59358482042 0.0820589564039 
1188 0.636755733221 0.0763215337682 
1372 0.530664674587 0.063520333795 
1339 0.64271319276 0.0640954469118 
1219 0.664965358915 0.0753738265076 
1225 0.615464632455 0.0712054846211 
1134 0.619897734286 0.0767902010051 
