1037 0.332441767068 0.0592580321285 
1026 0.300016228497 0.0599419831224 
1025 0.327936538899 0.0590477583797 
842 0.391256181998 0.0708673343225 
948 0.299889281384 0.063710435669 
1064 0.321283725592 0.0567648878032 
1151 0.303956886574 0.0527895326968 
864 0.368392134182 0.0674239685753 
953 0.343048347923 0.0654616816062 
1077 0.354385069735 0.0543620697653 
998 0.292038057086 0.0620388916709 
1003 0.319637547549 0.0615843175363 
965 0.330061127228 0.0617283550905 
995 0.33654731415 0.057975631497 
1132 0.347701910903 0.0504469017755 
1052 0.271272721515 0.0562446560897 
1273 0.297231494208 0.0458897833628 
1015 0.365179421518 0.0581616886635 
1029 0.325009311892 0.055443205558 
1117 0.328853006516 0.0541450477852 
