1106 0.313752523883 0.0511699109136 
1263 0.337298131729 0.0457979125055 
1040 0.357391123284 0.054332398177 
799 0.323940872321 0.0701956756029 
974 0.329580234248 0.0553376605441 
1134 0.366822429907 0.0496885300381 
1038 0.26755125303 0.0542255269174 
1259 0.326796607254 0.044761102103 
1102 0.329048784911 0.0516526115343 
1235 0.295770278655 0.0459541773271 
858 0.334828537031 0.0633732602013 
1034 0.351290847305 0.0527389699734 
1158 0.305894967114 0.0487390939012 
778 0.353427061266 0.0683021318413 
