934 0.252557243741 0.253076182324 
912 0.274690478799 0.26707388335 
938 0.283363510491 0.246121347676 
760 0.258330592646 0.315584643382 
725 0.331270246054 0.310861649091 
858 0.318774749592 0.268183671093 
742 0.278223959035 0.308201949423 
565 0.296050887888 0.393619135966 
725 0.317484831771 0.318193831587 
692 0.295904658722 0.32322739858 
793 0.285903416971 0.286565376371 
804 0.265308151094 0.291356030484 
630 0.323500476039 0.350279011954 
753 0.324941972279 0.313797334041 
684 0.331512052593 0.336918675432 
717 0.301087562744 0.322899237777 
634 0.31617172115 0.363026782198 
930 0.269736205878 0.262791239098 
664 0.313732871556 0.332260452743 
755 0.358461334746 0.301495740643 
