1201 0.298516622977 0.123831814588 
704 0.348985671727 0.199549581501 
957 0.349542961609 0.147059284409 
1015 0.346715059055 0.142049704724 
977 0.395886593721 0.142178392474 
787 0.363197969543 0.182346129442 
896 0.324233556299 0.15847826087 
856 0.388407446312 0.166881127451 
883 0.367512302732 0.152712257481 
928 0.386323268206 0.146217503633 
965 0.346594146594 0.143214193214 
989 0.376630105136 0.139357561666 
921 0.389939752497 0.152180579679 
1033 0.337163175463 0.138012190992 
883 0.396931561086 0.161636029412 
961 0.39052831366 0.142883885393 
787 0.334868504637 0.184997141405 
799 0.384015625 0.174240625 
814 0.336435108409 0.174794238683 
1009 0.313367023385 0.14074019025 
