865 0.333283254363 0.197976857737 
717 0.324175441043 0.234655010111 
858 0.331711008907 0.200147726611 
878 0.307279867949 0.197882278445 
671 0.316135280095 0.250023279201 
816 0.297102603369 0.217356431853 
713 0.274586487244 0.244526650547 
933 0.2866291834 0.186449129853 
704 0.345716312057 0.250015514184 
839 0.319883319443 0.209154363615 
958 0.279169708981 0.181311606864 
930 0.30469488612 0.18878921358 
846 0.305717660957 0.204548139398 
774 0.295909149568 0.224825380694 
919 0.246227492792 0.194986536474 
837 0.304011940299 0.203466417911 
832 0.317320045627 0.215234210842 
648 0.321969638591 0.262883370579 
719 0.283504724847 0.241377588244 
634 0.30999921204 0.270147151525 
