773 0.277364711967 0.181743389151 
861 0.265817766949 0.174332869242 
1066 0.21571569225 0.139270476816 
909 0.295797611197 0.159756265113 
706 0.291139091274 0.199503077032 
614 0.297283729513 0.233118283947 
919 0.252257643347 0.16291616799 
955 0.266809653345 0.156818895166 
679 0.339635596753 0.206486794674 
752 0.298917375133 0.186767733794 
662 0.299537141851 0.206293864614 
876 0.279836564044 0.1606827252 
858 0.288886300998 0.166639979038 
649 0.299745977985 0.2092390886 
922 0.282195840335 0.154380116008 
1098 0.20785536538 0.132092134013 
880 0.261442362294 0.154921919364 
760 0.298496009822 0.181208892397 
713 0.269641147767 0.18911536037 
631 0.278094484033 0.210079176564 
