1479 0.599459185398 0.0481510900795 
1587 0.658352229781 0.0450451940036 
1405 0.609411681013 0.0524649640749 
1268 0.631937874488 0.0549033230842 
1539 0.612142857143 0.0474667207793 
1574 0.626806645278 0.0465157555351 
1401 0.644082608075 0.0518931017264 
1644 0.658267477204 0.043365881459 
1613 0.587912598791 0.0448202386487 
1593 0.563506008597 0.0467595933608 
1681 0.608507538137 0.0423354842547 
1424 0.635338082038 0.0495776167585 
1567 0.56856678044 0.0455373377142 
1536 0.636467180839 0.0454794331088 
1476 0.601533929297 0.0483230055533 
1498 0.650206859736 0.048190811424 
1420 0.573935851847 0.0491149702497 
1681 0.635096168138 0.0435171973008 
1520 0.633004602236 0.048315253123 
1388 0.649159436985 0.0501565931099 
