655 0.264990845285 0.237445643882 
766 0.210622919794 0.222565750832 
587 0.262568108292 0.281997594926 
638 0.246204116772 0.265276473351 
550 0.244148259249 0.312690323607 
684 0.222938897822 0.257292884812 
729 0.247822658072 0.242983644219 
619 0.26447623275 0.258277176983 
599 0.240643494207 0.288001687922 
585 0.282415706359 0.276821916347 
738 0.1988970837 0.231274105149 
495 0.19563792234 0.333405824508 
700 0.233197773973 0.243714772403 
522 0.279262694846 0.32044324376 
668 0.218607433999 0.256981059756 
576 0.219284350317 0.290993077858 
795 0.185583448536 0.224142264673 
617 0.24130073726 0.266018694807 
701 0.197426575421 0.252241053607 
580 0.25462803513 0.299789047701 
